100 5.636364
13.000000 12.000000
18.636364 17.572529
24.272728 24.970587
29.909090 32.353855
35.545456 39.303528
41.181816 44.828701
46.818180 53.897820
52.454544 66.023483
58.090908 80.661926
63.727272 91.540993
69.363632 103.241173
75.000000 110.687500
80.636360 117.877419
86.272728 125.253189
91.909088 130.673050
97.545456 138.223145
103.181816 150.643585
108.818176 171.582138
114.454544 195.428619
120.090904 215.983459
125.727272 234.806152
131.363632 248.073181
137.000000 262.407410
142.636368 274.619843
148.272720 277.168030
153.909088 281.848236
159.545456 287.122894
165.181808 291.393677
170.818176 300.663177
176.454544 311.022644
182.090912 327.927521
187.727264 340.212616
193.363632 348.773865
199.000000 357.534729
204.636353 364.726807
210.272720 378.278198
215.909088 385.890167
221.545456 392.294189
227.181808 394.740967
232.818176 398.574921
238.454544 401.298096
244.090897 401.257385
249.727264 401.000916
255.363632 399.628845
261.000000 393.620117
266.636353 389.218994
272.272736 384.640137
277.909088 381.043579
283.545441 374.090393
289.181824 371.591278
294.818176 365.375671
300.454529 358.706268
306.090912 347.741364
311.727264 341.321045
317.363617 334.338898
323.000000 320.000031
328.636353 309.237213
334.272705 294.143524
339.909088 277.425720
345.545441 262.409515
351.181824 251.536514
356.818176 237.140060
362.454529 229.267899
368.090912 223.727097
373.727264 212.199493
379.363617 205.073853
385.000000 201.056015
390.636353 187.486786
396.272705 167.065872
401.909088 151.782913
407.545441 139.488235
413.181824 130.806839
418.818176 122.288185
424.454529 109.216393
430.090912 100.505646
435.727264 91.290154
441.363617 83.701897
447.000000 76.480667
452.636353 67.072289
458.272705 59.172066
463.909088 56.420464
469.545441 51.580387
475.181793 46.059361
480.818176 44.574005
486.454529 38.593765
492.090912 37.662468
497.727264 36.577950
503.363617 35.030930
509.000000 32.294506
514.636353 28.638859
520.272705 26.414082
525.909058 23.490934
531.545471 20.800776
537.181824 20.275070
542.818176 16.020370
548.454529 17.523672
554.090881 13.435417
559.727234 10.976334
565.363647 7.467332
571.000000 6.000000
