
	Newton_Rapson Method
 n              xn1                  |f(xn1)|
 0  3.000000000000000000e+00  9.8612288668e-02
 1  3.059167373200865736e+00  3.6927457761e-03
 2  3.057106054691599795e+00  4.4761505977e-06
 3  3.057103549998436254e+00  6.6098237994e-12

	Secant Method
n	    xn1			|f(xn1)|
 0   4.000000000000000000e+00 2.6137056389e+00
 1   2.419218645889002595e+00 7.0770034137e-01
 2   2.756039712206012737e+00 4.4219871598e-01
 3   3.317022504001124528e+00 5.3548073166e-01
 4   3.009768959371031727e+00 8.2229966821e-02
 5   3.050670709725762375e+00 1.1452530996e-02
 6   3.057289041659919882e+00 3.3152841948e-04
 7   3.057102843928874769e+00 1.2618098428e-06
 8   3.057103549917539631e+00 1.3796119802e-10

	Newton_Rapson Method
 n              xn1                  |f(xn1)|
 0  7.500000000000000000e-01  3.3578643763e-01
 1  6.883072460969515971e-01  2.8191260956e-02
 2  6.820480690939008106e-01  3.2235691644e-04
 3  6.819748188604164429e-01  4.4531198284e-08

	Secant Method
n	    xn1			|f(xn1)|
 0   1.000000000000000000e+00 2.0000000000e+00
 1   6.000000000000000888e-01 3.0211303259e-01
 2   6.524931709804664415e-01 1.2235350222e-01
 3   6.882226997487054243e-01 2.7810523743e-02
 4   6.816055562499178100e-01 1.6234116577e-03
 5   6.819705209666883094e-01 1.8864101342e-05
 6   6.819748117285145961e-01 1.3154060508e-08

	Newton_Rapson Method
 n              xn1                  |f(xn1)|
 0  1.250000000000000000e+00  9.2019375000e-01
 1  1.042046610169490739e+00  5.0881459315e-01
 2  1.095070234545689081e+00  3.9693365667e-02
 3  1.099959957849026670e+00  3.1979795900e-04
 4  1.099999997327960610e+00  2.1338912859e-08

	Newton_Rapson Method
 n              xn1                  |f(xn1)|
 0  2.160000000000000142e+00  1.0827264000e-01
 1  2.199400753425051924e+00  1.5956284157e-03
 2  2.199999837218689969e+00  4.3332385502e-07

	Newton_Rapson Method
 n              xn1                  |f(xn1)|
 0  3.419999999999999929e+00  3.3285504000e-01
 1  3.303227113773005374e+00  8.6031040763e-03
 2  3.300004664519575304e+00  1.2416977363e-05
 3  3.300000000009917223e+00  2.6396662633e-11

	Newton_Rapson Method
 n              xn1                  |f(xn1)|
 0  4.219999999999999751e+00  1.0436774400e+00
 1  4.493744853894647839e+00  8.7113055027e-01
 2  4.412015995526431311e+00  9.7892964605e-02
 3  4.400234056965293128e+00  1.8699081668e-03
 4  4.400000091254407941e+00  7.2875770485e-07

	Newton_Rapson Method
 n              xn1                  |f(xn1)|
 0  2.700000000000000178e+00  6.7482269897e-03
 1  2.718220212872235031e+00  2.2667364546e-05
 2  2.718281827760716141e+00  2.5690094496e-10

	Newton_Rapson Method(FLOAT)
n	    xn1			|f(xn1)|
 0   2.700000047683715820e+00   6.7482092418e-03
 1   2.718220233917236328e+00   2.2659622118e-05
 2   2.718281745910644531e+00   3.0367861115e-08

	Bisection Method
n		xn1		|f(xn1)|
 0  3.000000000000000000e+00  9.8612288668e-02
 1  3.500000000000000000e+00  9.9723703150e-01
 2  3.250000000000000000e+00  3.8384500366e-01
 3  3.125000000000000000e+00  1.2619071681e-01
 4  3.062500000000000000e+00  9.6746741292e-03
 5  3.031250000000000000e+00  4.5498513204e-02
 6  3.046875000000000000e+00  1.8169209579e-02
 7  3.054687500000000000e+00  4.3115734095e-03
 8  3.058593750000000000e+00  2.6654760278e-03
 9  3.056640625000000000e+00  8.2706753436e-04
10  3.057617187500000000e+00  9.1819956846e-04
11  3.057128906250000000e+00  4.5314843409e-05
12  3.056884765625000000e+00  3.9093913939e-04
13  3.057006835937500000e+00  1.7282784641e-04
14  3.057067871093750000e+00  6.3760426096e-05
15  3.057098388671875000e+00  9.2237724911e-06
16  3.057113647460937500e+00  1.8045290172e-05
17  3.057106018066406250e+00  4.4106975188e-06

	Bisection Method
n		xn1		|f(xn1)|
 0  7.500000000000000000e-01  3.3578643763e-01
 1  6.250000000000000000e-01  2.2275906502e-01
 2  6.875000000000000000e-01  2.4560775395e-02
 3  6.562500000000000000e-01  1.0759252870e-01
 4  6.718750000000000000e-01  4.3582220001e-02
 5  6.796875000000000000e-01  1.0019630499e-02
 6  6.835937500000000000e-01  7.1443388903e-03
 7  6.816406250000000000e-01  1.4693298738e-03
 8  6.826171875000000000e-01  2.8295991080e-03
 9  6.821289062500000000e-01  6.7815630908e-04
10  6.818847656250000000e-01  3.9608160360e-04
11  6.820068359375000000e-01  1.4091367794e-04
12  6.819458007812500000e-01  1.2761488534e-04
13  6.819763183593750000e-01  6.6416661466e-06
14  6.819610595703125000e-01  6.0488542196e-05
15  6.819686889648437500e-01  2.6923921167e-05

	Bisection Method
n		xn1		|f(xn1)|
 0  4.220000000000000639e+00  1.0436774400e+00
 1  4.415000000000000924e+00  1.2280707563e-01
 2  4.317500000000000782e+00  5.7191349059e-01
 3  4.366250000000000853e+00  2.5461900683e-01
 4  4.390625000000000888e+00  7.3704356289e-02
 5  4.402812500000001350e+00  2.2566056075e-02
 6  4.396718750000001563e+00  2.6060992082e-02
 7  4.399765625000001457e+00  1.8709876948e-03
 8  4.401289062500001847e+00  1.0316584254e-02
 9  4.400527343750001208e+00  4.2150695525e-03
10  4.400146484375001776e+00  1.1701098411e-03
11  4.399956054687502061e+00  3.5092156190e-04
12  4.400051269531251918e+00  4.0947346367e-04
13  4.400003662109376990e+00  2.9245783999e-05
14  4.399979858398439525e+00  1.6084543051e-04
15  4.399991760253907813e+00  6.5801708551e-05
16  4.399997711181642401e+00  1.8278433679e-05

	Newton_Rapson Method
 n              xn1                  |f(xn1)|
 0  5.999999999999999778e-01  1.3040228225e+00
 1  5.758489459098020680e-01  1.9669346047e-02
 2  5.754731101513064218e-01  5.1238979388e-06
 3  5.754730121944054977e-01  3.5171865420e-13
