100 0.010101
0.000000 0.062212
0.010101 0.091101
0.020202 0.129455
0.030303 0.167732
0.040404 0.203761
0.050505 0.232406
0.060606 0.279423
0.070707 0.342286
0.080808 0.418176
0.090909 0.474576
0.101010 0.535233
0.111111 0.573837
0.121212 0.611112
0.131313 0.649350
0.141414 0.677449
0.151515 0.716591
0.161616 0.780982
0.171717 0.889534
0.181818 1.013161
0.191919 1.119723
0.202020 1.217306
0.212121 1.286086
0.222222 1.360399
0.232323 1.423712
0.242424 1.436923
0.252525 1.461186
0.262626 1.488532
0.272727 1.510673
0.282828 1.558729
0.292929 1.612435
0.303030 1.700075
0.313131 1.763765
0.323232 1.808149
0.333333 1.853568
0.343434 1.890854
0.353535 1.961108
0.363636 2.000571
0.373737 2.033771
0.383838 2.046456
0.393939 2.066333
0.404040 2.080450
0.414141 2.080239
0.424242 2.078910
0.434343 2.071797
0.444444 2.040645
0.454545 2.017829
0.464646 1.994091
0.474747 1.975445
0.484848 1.939398
0.494949 1.926441
0.505051 1.894218
0.515152 1.859642
0.525253 1.802796
0.535354 1.769511
0.545455 1.733314
0.555556 1.658977
0.565657 1.603179
0.575758 1.524929
0.585859 1.438259
0.595960 1.360410
0.606061 1.304041
0.616162 1.229406
0.626263 1.188594
0.636364 1.159869
0.646465 1.100106
0.656566 1.063165
0.666667 1.042335
0.676768 0.971988
0.686869 0.866120
0.696970 0.786888
0.707071 0.723149
0.717172 0.678142
0.727273 0.633979
0.737374 0.566211
0.747475 0.521052
0.757576 0.473276
0.767677 0.433936
0.777778 0.396499
0.787879 0.347723
0.797980 0.306766
0.808081 0.292501
0.818182 0.267408
0.828283 0.238786
0.838384 0.231085
0.848485 0.200082
0.858586 0.195254
0.868687 0.189631
0.878788 0.181611
0.888889 0.167424
0.898990 0.148472
0.909091 0.136939
0.919192 0.121784
0.929293 0.107838
0.939394 0.105112
0.949495 0.083054
0.959596 0.090848
0.969697 0.069653
0.979798 0.056905
0.989899 0.038713
1.000000 0.031106
