n	    xn1			|f(xn1)|
 0   3.000000000000000000e+00   9.8612288668e-02
 1   3.059167373200865736e+00   3.6927457761e-03
 2   3.057106054691599795e+00   4.4761505977e-06
n	    xn1			|f(xn1)|
 0   4.000000000000000000e+00
 1   2.419218645889003039e+00
 2   2.756039712206013181e+00
 3   3.317022504001122307e+00
 4   3.009768959371032171e+00
 5   3.050670709725761931e+00
 6   3.057289041659920770e+00
 7   3.057102843928874769e+00
n	    xn1			|f(xn1)|
 0   7.500000000000000000e-01   3.3578643763e-01
 1   6.883072460969515971e-01   2.8191260956e-02
 2   6.820480690939008106e-01   3.2235691644e-04
n	    xn1			|f(xn1)|
 0   1.000000000000000000e+00
 1   6.000000000000000888e-01
 2   6.524931709804664415e-01
 3   6.882226997487054243e-01
 4   6.816055562499178100e-01
 5   6.819705209666883094e-01
n	    xn1			|f(xn1)|
 0   1.250000000000000000e+00   9.2019375000e-01
 1   1.042046610169490739e+00   5.0881459315e-01
 2   1.095070234545689081e+00   3.9693365667e-02
 3   1.099959957849026670e+00   3.1979795900e-04
n	    xn1			|f(xn1)|
 0   2.160000000000000142e+00   1.0827264000e-01
 1   2.199400753425051924e+00   1.5956284157e-03
n	    xn1			|f(xn1)|
 0   3.419999999999999929e+00   3.3285504000e-01
 1   3.303227113773005374e+00   8.6031040763e-03
 2   3.300004664519575304e+00   1.2416977363e-05
n	    xn1			|f(xn1)|
 0   4.219999999999999751e+00   1.0436774400e+00
 1   4.493744853894647839e+00   8.7113055027e-01
 2   4.412015995526431311e+00   9.7892964605e-02
 3   4.400234056965293128e+00   1.8699081668e-03
n	    xn1			|f(xn1)|
 0   2.700000000000000178e+00   6.7482269897e-03
 1   2.718220212872235031e+00   2.2667364546e-05
n	    xn1			|f(xn1)|
 0   2.700000047683715820e+00   6.7482092418e-03
