500 0.002004
0.000000 0.033229
0.002004 0.036289
0.004008 0.040409
0.006012 0.045318
0.008016 0.050744
0.010020 0.056414
0.012024 0.062058
0.014028 0.067402
0.016032 0.072675
0.018036 0.079122
0.020040 0.085235
0.022044 0.091322
0.024048 0.097687
0.026052 0.104494
0.028056 0.106753
0.030060 0.109123
0.032064 0.111586
0.034068 0.114126
0.036072 0.116726
0.038076 0.119370
0.040080 0.122042
0.042084 0.124725
0.044088 0.127402
0.046092 0.130057
0.048096 0.132673
0.050100 0.135234
0.052104 0.137723
0.054108 0.140124
0.056112 0.142421
0.058116 0.144596
0.060120 0.146634
0.062124 0.157059
0.064128 0.170909
0.066132 0.184495
0.068136 0.200982
0.070140 0.216929
0.072144 0.224997
0.074148 0.228361
0.076152 0.231576
0.078156 0.234650
0.080160 0.237590
0.082164 0.240404
0.084168 0.243101
0.086172 0.245689
0.088176 0.248175
0.090180 0.250568
0.092184 0.252876
0.094188 0.255106
0.096192 0.257052
0.098196 0.258608
0.100200 0.260049
0.102204 0.261389
0.104208 0.262644
0.106212 0.263829
0.108216 0.264959
0.110220 0.266049
0.112224 0.267114
0.114228 0.268170
0.116232 0.269230
0.118236 0.270312
0.120240 0.271428
0.122244 0.272596
0.124248 0.273829
0.126253 0.275143
0.128257 0.276255
0.130261 0.277237
0.132265 0.278139
0.134269 0.278982
0.136273 0.279788
0.138277 0.280576
0.140281 0.281367
0.142285 0.282182
0.144289 0.283042
0.146293 0.283967
0.148297 0.284979
0.150301 0.286097
0.152305 0.287342
0.154309 0.288736
0.156313 0.290298
0.158317 0.292050
0.160321 0.294011
0.162325 0.296204
0.164329 0.298648
0.166333 0.301186
0.168337 0.303546
0.170341 0.305780
0.172345 0.307948
0.174349 0.310110
0.176353 0.312327
0.178357 0.314658
0.180361 0.317164
0.182365 0.319904
0.184369 0.322937
0.186373 0.326325
0.188377 0.330127
0.190381 0.334404
0.192385 0.339214
0.194389 0.344618
0.196393 0.350676
0.198397 0.357448
0.200401 0.364994
0.202405 0.373374
0.204409 0.381300
0.206413 0.389829
0.208417 0.399187
0.210421 0.409293
0.212425 0.420067
0.214429 0.431428
0.216433 0.443296
0.218437 0.455590
0.220441 0.468230
0.222445 0.481134
0.224449 0.494223
0.226453 0.507416
0.228457 0.520633
0.230461 0.533792
0.232465 0.546814
0.234469 0.559618
0.236473 0.572123
0.238477 0.584249
0.240481 0.595915
0.242485 0.607040
0.244489 0.617545
0.246493 0.627348
0.248497 0.636370
0.250501 0.656866
0.252505 0.685163
0.254509 0.707174
0.256513 0.725346
0.258517 0.742124
0.260521 0.775462
0.262525 0.834662
0.264529 0.845176
0.266533 0.856913
0.268537 0.869731
0.270541 0.883487
0.272545 0.898038
0.274549 0.913242
0.276553 0.928956
0.278557 0.945038
0.280561 0.961344
0.282565 0.977733
0.284569 0.994061
0.286573 1.010186
0.288577 1.025965
0.290581 1.041256
0.292585 1.055916
0.294589 1.069802
0.296593 1.082772
0.298597 1.096477
0.300601 1.114299
0.302605 1.130957
0.304609 1.146601
0.306613 1.161383
0.308617 1.175451
0.310621 1.188957
0.312625 1.202050
0.314629 1.214881
0.316633 1.227601
0.318637 1.240359
0.320641 1.253275
0.322645 1.262781
0.324649 1.272358
0.326653 1.281961
0.328657 1.291546
0.330661 1.301067
0.332665 1.310478
0.334669 1.319735
0.336673 1.328792
0.338677 1.337603
0.340681 1.346124
0.342685 1.354309
0.344689 1.362113
0.346693 1.369490
0.348697 1.376396
0.350701 1.382784
0.352705 1.388084
0.354709 1.392352
0.356713 1.396348
0.358717 1.400083
0.360721 1.403567
0.362725 1.406811
0.364729 1.409827
0.366733 1.412624
0.368737 1.415215
0.370741 1.417609
0.372745 1.419817
0.374749 1.421851
0.376754 1.423722
0.378758 1.425439
0.380762 1.427014
0.382766 1.428459
0.384770 1.429783
0.386774 1.430997
0.388778 1.432113
0.390782 1.433141
0.392786 1.433886
0.394790 1.434357
0.396794 1.434716
0.398798 1.434970
0.400802 1.435125
0.402806 1.435188
0.404810 1.435163
0.406814 1.435058
0.408818 1.434879
0.410822 1.434631
0.412826 1.434320
0.414830 1.433953
0.416834 1.433536
0.418838 1.433075
0.420842 1.432575
0.422846 1.432044
0.424850 1.431487
0.426854 1.430910
0.428858 1.430319
0.430862 1.429720
0.432866 1.429120
0.434870 1.428525
0.436874 1.427940
0.438878 1.427372
0.440882 1.426826
0.442886 1.426310
0.444890 1.425828
0.446894 1.425388
0.448898 1.424994
0.450902 1.424654
0.452906 1.424373
0.454910 1.424157
0.456914 1.423974
0.458918 1.423633
0.460922 1.423122
0.462926 1.422463
0.464930 1.421672
0.466934 1.420770
0.468938 1.419775
0.470942 1.418705
0.472946 1.417580
0.474950 1.416419
0.476954 1.415240
0.478958 1.414062
0.480962 1.412904
0.482966 1.411785
0.484970 1.410724
0.486974 1.409739
0.488978 1.408850
0.490982 1.408076
0.492986 1.407435
0.494990 1.406945
0.496994 1.406627
0.498998 1.406499
0.501002 1.406579
0.503006 1.406886
0.505010 1.407441
0.507014 1.408260
0.509018 1.409363
0.511022 1.410770
0.513026 1.412498
0.515030 1.414567
0.517034 1.416995
0.519038 1.419802
0.521042 1.423006
0.523046 1.428397
0.525050 1.435602
0.527054 1.443851
0.529058 1.453052
0.531062 1.463112
0.533066 1.473939
0.535070 1.485440
0.537074 1.497524
0.539078 1.510099
0.541082 1.523071
0.543086 1.536348
0.545090 1.549839
0.547094 1.563451
0.549098 1.577091
0.551102 1.590668
0.553106 1.604089
0.555110 1.617262
0.557114 1.630094
0.559118 1.642494
0.561122 1.654368
0.563126 1.666384
0.565130 1.678858
0.567134 1.691634
0.569138 1.704641
0.571142 1.717805
0.573146 1.731055
0.575150 1.744318
0.577154 1.757522
0.579158 1.770594
0.581162 1.783462
0.583166 1.796054
0.585170 1.808297
0.587174 1.820118
0.589178 1.831446
0.591182 1.842209
0.593186 1.852333
0.595190 1.861746
0.597194 1.870377
0.599198 1.878151
0.601202 1.883554
0.603206 1.888371
0.605210 1.893108
0.607214 1.897745
0.609218 1.902264
0.611222 1.906643
0.613226 1.910861
0.615230 1.914901
0.617234 1.918740
0.619238 1.922358
0.621242 1.925737
0.623246 1.928855
0.625251 1.931692
0.627255 1.934228
0.629259 1.936443
0.631263 1.938318
0.633267 1.939830
0.635271 1.940962
0.637275 1.941691
0.639279 1.941999
0.641283 1.941865
0.643287 1.941269
0.645291 1.940190
0.647295 1.938610
0.649299 1.936506
0.651303 1.933860
0.653307 1.930651
0.655311 1.926892
0.657315 1.922799
0.659319 1.918049
0.661323 1.912677
0.663327 1.906717
0.665331 1.900204
0.667335 1.893172
0.669339 1.885656
0.671343 1.877689
0.673347 1.869307
0.675351 1.860544
0.677355 1.851434
0.679359 1.842012
0.681363 1.832311
0.683367 1.822367
0.685371 1.812214
0.687375 1.801886
0.689379 1.791417
0.691383 1.780843
0.693387 1.770197
0.695391 1.759514
0.697395 1.748828
0.699399 1.738174
0.701403 1.727585
0.703407 1.717098
0.705411 1.706745
0.707415 1.696561
0.709419 1.686581
0.711423 1.676839
0.713427 1.667370
0.715431 1.658207
0.717435 1.643025
0.719439 1.626599
0.721443 1.610197
0.723447 1.593811
0.725451 1.577436
0.727455 1.561065
0.729459 1.544692
0.731463 1.528310
0.733467 1.511913
0.735471 1.495495
0.737475 1.479048
0.739479 1.462568
0.741483 1.446046
0.743487 1.429477
0.745491 1.412855
0.747495 1.396172
0.749499 1.379392
0.751503 1.362246
0.753507 1.344737
0.755511 1.326945
0.757515 1.308952
0.759519 1.290837
0.761523 1.272681
0.763527 1.254563
0.765531 1.236565
0.767535 1.218765
0.769539 1.201245
0.771543 1.184085
0.773547 1.167365
0.775551 1.151166
0.777555 1.135567
0.779559 1.120648
0.781563 1.106491
0.783567 1.097808
0.785571 1.089647
0.787575 1.081818
0.789579 1.074295
0.791583 1.067052
0.793587 1.060064
0.795591 1.053306
0.797595 1.046753
0.799599 1.040380
0.801603 1.034160
0.803607 1.028069
0.805611 1.022082
0.807615 1.016174
0.809619 1.010318
0.811623 1.004490
0.813627 0.998664
0.815631 0.992816
0.817635 0.986920
0.819639 0.980950
0.821643 0.974881
0.823647 0.968689
0.825651 0.962347
0.827655 0.955831
0.829659 0.949115
0.831663 0.942174
0.833667 0.934983
0.835671 0.927635
0.837675 0.920231
0.839679 0.912770
0.841683 0.905253
0.843687 0.897679
0.845691 0.890049
0.847695 0.882362
0.849699 0.874619
0.851703 0.866820
0.853707 0.858964
0.855711 0.851051
0.857715 0.843083
0.859719 0.835058
0.861723 0.826976
0.863727 0.818838
0.865731 0.810644
0.867735 0.802393
0.869739 0.794086
0.871743 0.785722
0.873747 0.777302
0.875752 0.768826
0.877756 0.760293
0.879760 0.751704
0.881764 0.743058
0.883768 0.734356
0.885772 0.725426
0.887776 0.714294
0.889780 0.702917
0.891784 0.691320
0.893788 0.679530
0.895792 0.667576
0.897796 0.655484
0.899800 0.643281
0.901804 0.630994
0.903808 0.618650
0.905812 0.606277
0.907816 0.593901
0.909820 0.581550
0.911824 0.569250
0.913828 0.557028
0.915832 0.544913
0.917836 0.532930
0.919840 0.521107
0.921844 0.509471
0.923848 0.498049
0.925852 0.486868
0.927856 0.475795
0.929860 0.464575
0.931864 0.453493
0.933868 0.442541
0.935872 0.431716
0.937876 0.421011
0.939880 0.410421
0.941884 0.399941
0.943888 0.389565
0.945892 0.379288
0.947896 0.369104
0.949900 0.359008
0.951904 0.348995
0.953908 0.339058
0.955912 0.329194
0.957916 0.319395
0.959920 0.309658
0.961924 0.299976
0.963928 0.290343
0.965932 0.280755
0.967936 0.270297
0.969940 0.258379
0.971944 0.246164
0.973948 0.233751
0.975952 0.221241
0.977956 0.208732
0.979960 0.196324
0.981964 0.184116
0.983968 0.172208
0.985972 0.160700
0.987976 0.149691
0.989980 0.139280
0.991984 0.129567
0.993988 0.120652
0.995992 0.112633
0.997996 0.105612
1.000000 0.099686
