5000
0.931350000004235
0.692228000000094
0.323758000001616
0.538815999993656
0.666245999999021
0.664527999995497
0.770824000003312
0.726685999993661
0.549963999998711
0.641120000003462
0.540183999997179
0.363507999993192
0.370550000005753
0.652323999999480
0.791254000006376
0.725791999999175
0.751370000005763
0.622968000003921
0.411728000000853
0.372907999994725
0.554667999993197
0.656085999997489
0.446065999994420
0.764642000005303
0.779286000001321
0.307859999996561
0.590219999995802
0.989886000004390
0.638430000003462
0.333468000003148
0.726951999999175
0.491014000004071
0.903563999994125
0.724778000004690
0.817655999992897
0.600964000006372
0.376045999998248
0.904748000003162
0.502218000000089
0.638340000003462
0.695981999994579
0.758305999998257
0.485252000006062
0.961559999994279
0.715581999997643
0.889519999998107
0.540623999997179
0.388369999994265
0.598746000002848
0.796506000004385
0.855152000004540
0.328409999999625
0.530583999995647
0.640080000003462
0.081183999999466
0.812578000003926
0.392017999997789
0.556965999996720
0.327626000005140
0.388489999994265
0.644208000006985
0.703908000001626
0.600874000006372
0.916921999999180
0.685297999998562
0.717766000006681
0.744157999993202
0.533498000004685
0.653447999993966
0.920570000002703
0.624868000003921
0.326446000005140
0.598996000002848
0.277670000006517
0.604611999995343
0.607506000004380
0.430010000000393
0.567062000003767
0.440743999996411
0.077335999995943
0.651923999999480
0.637085999994425
0.574482000005299
0.653277999993966
0.540453999997179
0.632638000005453
0.320614000007131
0.675782000006067
0.781154000004844
0.936592000002244
0.775872000006835
0.626075999992893
0.744337999993202
0.534201999999171
0.541153999997180
0.588106000001316
0.612138000002389
0.804518000002394
0.582667999997793
0.742423999998716
0.516026000005144
0.538415999993656
0.322898000001616
0.636121999999939
0.505651999994575
0.693198000000094
0.726091999999175
0.711119999999634
0.445201999999934
0.308369999996561
0.409704000006367
0.574382000005299
0.699106000003617
0.412938000000853
0.806311999996880
0.671804000002544
0.353818000006212
0.640250000003462
0.650063999999480
0.722328000004690
0.529200000001162
0.365502000002230
0.652497999993966
0.364822000002230
0.875911999993052
0.476092000004530
0.599339999997334
0.674752000006067
0.512124000007135
0.733398000006222
0.337766000006672
0.795671999995348
0.516601999996107
0.635158000005453
0.389089999994265
0.751544000000248
0.406986000002844
0.594177999999325
0.434901999998402
0.823018000005458
0.806921999996880
0.384882000005294
0.647075999995957
0.642598000006985
0.826955999994429
0.702538000001626
0.537875999993656
0.684571999993047
0.733288000006222
0.329309999999625
0.975757999999335
0.343808000004680
0.364572000002230
0.353268000006212
0.251828000005444
0.626735999992893
0.460630000004990
0.298109999995029
0.515996000005144
0.642533999997948
0.604071999995343
0.672537999997030
0.482834000002539
0.472544000001007
0.233341999996866
0.392637999997789
0.606056000004380
0.144351999997629
0.631090000001930
0.760634000001780
0.789306000002853
0.767042000005303
0.592807999999325
0.663034000001012
0.413618000000853
0.726255999993661
0.710743999994120
0.564237999994729
0.262283999997938
0.674462000006067
0.890554000007145
0.354308000006212
0.299354000004067
0.494191999993043
0.800913999993356
0.564132000003767
0.289369999993497
0.834788000006990
0.713598000003158
0.759485999998257
0.311124000005599
0.921613999997189
0.818215999992897
0.405646000002844
0.412688000000853
0.542123999997180
0.418719999998861
0.602124000006372
0.463967999993961
0.092174000000998
0.523901999997639
0.517869999999630
0.701169999998102
0.831300000003467
0.445835999994420
0.749125999996725
0.546912000000703
0.787576000002853
0.510544000007135
0.521898000003153
0.339490000001157
0.284037999995488
0.761114000001780
0.375625999998248
0.549650000004226
0.545002000000703
0.680149999995038
0.350633999997175
0.409614000006367
0.678326000000553
0.588846000001316
0.310119999996561
0.401374000004835
0.809340000000403
0.709319999999634
0.663957999995498
0.576472000005299
0.810473999994888
0.555995999996720
0.440183999996411
0.399459999995797
0.218406000002839
0.359933999998707
0.625131999998407
0.672384000002544
0.873174000004081
0.712723999994120
0.595057999999325
0.177465999996711
0.413118000000853
0.538330000002694
0.941724000000253
0.617336000005912
0.798949999998871
0.273562000002994
0.397749999995797
0.935992000002244
0.831540000003467
0.510629999998098
0.738470000004231
0.607186000004380
0.246385999992883
0.517936000005144
0.303871999993038
0.787456000002853
0.091104000000998
0.052053999994870
0.634738000005453
0.375772000003762
0.799999999998871
0.614798000002389
0.700049999998102
0.564772000003767
0.844757999993970
0.803028000002394
0.355072000000698
0.908650000001171
0.425781999996870
0.838235999995961
0.372247999994725
0.454748000006981
0.825608000005458
0.943447999994738
0.290734000002535
0.697526000003617
0.571724000001776
0.813533999994888
0.717576000006681
0.308486000002075
0.712228000003158
0.369490000005753
0.523058000003153
0.578669999994270
0.621633999994884
0.688076000002085
0.530410000001162
0.591954000004840
0.572744000001776
0.944247999994739
0.414681999995338
0.144208000003144
0.310214000005599
0.974901999993820
0.624451999998407
0.714998000003158
0.816365999992897
0.920750000002703
0.559130000005758
0.462247999993961
0.719246000006681
0.445645999994420
0.673127999997030
0.325636000005139
0.335816000006672
0.639090000003462
0.375492000003762
0.566905999998252
0.857232000004540
0.827411999999944
0.720553999995652
0.757512000003771
0.598309999997334
0.760324000001780
0.623153999994884
0.305391999993038
0.487016000000548
0.383792000005294
0.349803999997175
0.465622000002998
0.067715999994411
0.603458000000857
0.446105999994420
0.257310000003453
0.779346000001321
0.649330000004994
0.311244000005599
0.410639999997329
0.706706000005149
0.541273999997180
0.427056000005908
0.236281999996866
0.700249999998102
0.069703999997934
0.476755999999016
0.754482000003771
0.878406000002089
0.554137999993197
0.397736000001312
0.396316000001312
0.641463999997948
0.431033999994879
0.714138000003158
0.598816000002848
0.432648000003917
0.586472000006831
0.486942000006062
0.814601999998412
0.955257999996270
0.392784000003303
0.939755999996730
0.775507999997798
0.664392000004535
0.262343999997939
0.867042000006072
0.999146000005922
0.716331999997643
0.870804000004081
0.249623999996406
0.672034000002544
0.712338000003158
0.729415999993661
0.846372000003008
0.814258000003926
0.144021999997629
0.588926000001316
0.266072000001462
0.352778000006212
0.657935999997489
0.305926000002075
0.641000000003462
0.797131999995348
0.604661999995343
0.693818000000094
0.690999999996570
0.387005999999780
0.582587999997793
0.019064000004826
0.441998000005449
0.772264000003312
0.591089999995802
0.590219999995802
0.898816000005153
0.315396000003607
0.339130000001157
0.499339999996566
0.747265999996725
0.856202000004540
0.267550000004985
0.743243999998716
0.661694000001012
0.392917999997789
0.685287999998562
0.895261999996116
0.354252000000698
0.278195999997479
0.915608000004694
0.844852000003008
0.379554000001771
0.592087999999325
0.372084000000239
0.670294000002544
0.429983999994879
0.713188000003158
0.357325999995184
0.487846000000548
0.326786000005140
0.447840000003458
0.404377999999321
0.567895999998252
0.555552000002235
0.564337999994729
0.620180000000398
0.510014000007135
0.696746000003617
0.715421999997643
0.633928000005453
0.778869999995807
0.312268000000084
0.572927999996261
0.579019999994270
0.650433999999480
0.663184000001012
0.629700000001930
0.786781999993816
0.543768000006217
0.494781999993043
0.520233999994115
0.513871999996107
0.691794000005608
0.653417999993966
0.687626000002085
0.936052000002244
0.714761999997643
0.666002000004535
0.739100000004230
0.555142000002235
0.817141999998412
0.171807999993188
0.715941999997643
0.121794000005594
0.693968000000094
0.514628000001621
0.752054000000248
0.398109999995797
0.651653999999480
0.522343999994115
0.751304000000248
0.668869999993506
0.455452000001466
0.608276000004380
0.779889999995807
0.413811999995338
0.497166000002080
0.446325999994420
0.964207999997802
0.977081999993820
0.393632000006826
0.452448000006981
0.321748000001616
0.670129999993506
0.943207999994738
0.702708000001626
0.193127999996252
0.807076000005917
0.552573999998711
0.680504000004076
0.492594000004071
0.802578000002394
0.543778000006217
0.800799999998871
0.103722000006053
0.767145999999789
0.866452000006072
0.352578000006212
0.481414000002539
0.282087999995488
0.604638000000857
0.645142000001471
0.792134000006376
0.584997999997793
0.333638000003148
0.436145999992888
0.637111999999939
0.246605999992883
0.534201999999171
0.475352000004530
0.278500000006517
0.498086000002080
0.741410000004231
0.448695999994420
0.081197999993952
0.640763999997948
0.394017999997789
0.486582000006062
0.458825999995952
0.448720000003458
0.498466000002080
0.748270000005763
0.484307999997025
0.485322000006062
0.693064000005608
0.663324000001012
0.106182000006053
0.399729999995797
0.777342000006835
0.467665999997484
0.309649999996561
0.379924000001771
0.843857999993970
0.574612000005299
0.935522000002244
0.722273999995652
0.361877999993192
0.121224000005594
0.856795999999025
0.299384000004067
0.691129999996570
0.146916000006667
0.291964000002535
0.744392000002239
0.304511999993038
0.342073999995643
0.428366000005908
0.618746000005913
0.587166000001316
0.814478000003926
0.834038000006990
0.352998000006212
0.643628000006985
0.866636000000557
0.335966000006672
0.509914000007135
0.791154000006376
0.829850000003467
0.373932000003762
0.408009999997329
0.672827999997030
0.889226000003621
0.632003999996416
0.377485999998248
0.131718000001612
0.648950000004994
0.694871999994579
0.626551999998407
0.739315999995193
0.825048000005458
0.524618000003153
0.314628000000084
0.648300000004994
0.261373999997939
0.692994000005608
0.597736000002848
0.662064000001012
0.350030000002689
0.698316000003617
0.495736000002080
0.501904000005603
0.349713999997175
0.626161999998407
0.801129999998871
0.746242000002239
0.573627999996261
0.646192000001471
0.886541999994584
0.602104000006372
0.614191999996875
0.603658000000857
0.512588000001621
0.359670000004221
0.610169999998866
0.759189999992743
0.338496000006672
0.657775999997489
0.350300000002689
0.363447999993192
0.647085999995957
0.754547999994734
0.641983999997948
0.391574000003303
0.451678000006981
0.312518000000084
0.705621999996111
0.329953999994111
0.481484000002539
0.526011999997639
0.332378000003148
0.629060000001930
0.488006000000548
0.800699999998871
0.626975999992893
0.691554000005608
0.436155999992888
0.128689999998088
0.534641999999171
0.356835999995184
0.555832000002235
0.872484000004081
0.356625999995184
0.567485999998252
0.686386000002085
0.615128000002389
0.394582000006826
0.436425999992888
0.650950000004994
0.308159999996561
0.686931999993047
0.864922000006072
0.219499999997325
0.635501999999939
0.497646000002080
0.987696000004390
0.512378000001621
0.623203999994884
0.728920000002699
0.269820000004985
0.596741999993811
0.797571999995348
0.514591999996107
0.662407999995497
0.493237999998557
0.582527999997793
0.178045999996711
0.292247999997020
0.784327999999330
0.790354000006376
0.357135999995184
0.674442000006067
0.853344000001017
0.680454000004076
0.689079999996570
0.907451999997648
0.680794000004076
0.612888000002389
0.589339999995802
0.140783999994106
0.714518000003158
0.369910000005753
0.493697999998557
0.175225999996711
0.560800000005758
0.195632000005289
0.776962000006835
0.771214000003312
0.624551999998407
0.876851999993052
0.534068000004685
0.685061999993047
0.780989999995807
0.946202000003776
0.704371999996111
0.356012000000698
0.707126000005149
0.478299999993502
0.769525999999789
0.241778000003912
0.540780000002694
0.543138000006217
0.660394000001012
0.596781999993811
0.724988000004690
0.071013999997934
0.663247999995498
0.525946000006676
0.514108000001621
0.522808000003153
0.568489999992738
0.580109999994270
0.281927999995488
0.362383999998707
0.735318000006222
0.235296000005903
0.262368000006976
0.536071999999171
0.372214000000239
0.517376000005144
0.626315999992893
0.630670000001930
0.536125999993656
0.702774000007140
0.614811999996875
0.397466000001312
0.560060000005758
0.828485999994429
0.452003999997943
0.871574000004081
0.814971999998412
0.523618000003153
0.552607999993197
0.493367999998557
0.448670000003458
0.633198000005453
0.969999999995811
0.576655999999784
0.200894000003298
0.756912000003771
0.468210000006522
0.767045999999789
0.672887999997030
0.724458000004690
0.697996000003617
0.802568000002394
0.256115999994415
0.270303999999471
0.571079999992738
0.666672000004535
0.319629999998093
0.765302000005303
0.648035999995957
0.567919999992738
0.213701999993802
0.484677999997025
0.565482000003767
0.640853999997948
0.509329999998098
0.276775999997479
0.526241999997639
0.442093999996411
0.601854000006372
0.575272000005299
0.753227999994734
0.712203999994120
0.256351999999930
0.438065999992888
0.166062000000693
0.494901999993043
0.448630000003458
0.627715999992893
0.598026000002848
0.237646000005903
0.348005999993652
0.454052000001466
0.413598000000853
0.602408000000857
0.765582000005303
0.666102000004535
0.807236000005917
0.281757999995488
0.753264000000248
0.708336000005149
0.524548000003153
0.140863999994106
0.983128000000867
0.425861999996870
0.781454000004844
0.634958000005453
0.759609999992743
0.575542000005299
0.831310000003467
0.968919999995811
0.678706000000553
0.314111999994570
0.831413999997953
0.355342000000698
0.474652000004530
0.560050000005758
0.781204000004844
0.431668000003917
0.572004000001776
0.680204000004076
0.590259999995802
0.742287999993202
0.569409999992738
0.348675999993652
0.724168000004690
0.100544000002530
0.371834000000239
0.840943999999485
0.816925999992897
0.600854000006372
0.866372000006072
0.432713999994879
0.334831999997634
0.294022000006058
0.590289999995802
0.674557999997030
0.548370000004226
0.355012000000698
0.610879999998866
0.511634000007135
0.283832000004526
0.202507999997784
0.679156000000553
0.641080000003462
0.641160000003462
0.716371999997643
0.289814000002535
0.592867999999325
0.859345999999025
0.514108000001621
0.259433999997939
0.622183999994884
0.455182000001466
0.448085999994420
0.689659999996570
0.752944000000248
0.783247999999330
0.597141999993811
0.736455999995193
0.487856000000548
0.664472000004535
0.512678000001621
0.662757999995498
0.281517999995488
0.605671999995343
0.340093999995643
0.504331999994575
0.426186000005908
0.616431999996875
0.743557999993202
0.847172000003008
0.602994000006372
0.764502000005303
0.014082000006817
0.519739999999630
0.742287999993202
0.495211999993043
0.291674000002535
0.706811999996111
0.480544000002539
0.379519999992733
0.499199999996566
0.202767999997784
0.362397999993192
0.549390000004226
0.440003999996411
0.509269999998098
0.425751999996870
0.625048000003921
0.863704000002549
0.698836000003617
0.300384000004067
0.800613999993356
0.576182000005299
0.684897999998562
0.428980000000393
0.776752000006835
0.298309999995029
0.767025999999789
0.411414000006367
0.950089999992747
0.557935999996720
0.676272000006067
0.372697999994725
0.553947999993197
0.822888000005458
0.384457999996257
0.056305999992879
0.252858000005444
0.437710000001926
0.379744000001771
0.466052000002998
0.356302000000698
0.510089999998098
0.819890000001935
0.915261999999180
0.893174000007145
0.111614000004062
0.625991999998407
0.253311999999930
0.612968000002389
0.559130000005758
0.644738000006985
0.688956000002085
0.651683999999480
0.371454000000239
0.383692000005294
0.582924000003308
0.694971999994579
0.480099999993502
0.626345999992893
0.451648000006981
0.886736000003621
0.655992000003003
0.366455999996716
0.313891999994570
0.755492000003771
0.426556000005908
0.964127999997803
0.171283999998702
0.280214000001003
0.905901999997648
0.883248000000098
0.470854000001007
0.727945999993661
0.305001999993038
0.643073999997948
0.789299999997339
0.463842000002998
0.341478000004680
0.788236000002853
0.362523999998707
0.816551999998412
0.912373999995657
0.631453999996416
0.403247999999321
0.651123999999480
0.479479999993502
0.829215999994429
0.829575999994429
0.519989999999630
0.761114000001780
0.856232000004540
0.658300000006526
0.410659999997329
0.460363999999475
0.394052000006826
0.614241999996875
0.396526000001312
0.370580000005753
0.272417999993956
0.379709999992733
0.471354000001007
0.364052000002230
0.794561999995348
0.723168000004690
0.567122000003767
0.677166000000553
0.697416000003617
0.454548000006981
0.644932000001471
0.962024000003317
0.405381999993806
0.336481999997634
0.311914000005599
0.675252000006067
0.429320000000393
0.434858000003917
0.113021999993033
0.451573999997943
0.853124000001017
0.280844000001003
0.638500000003462
0.868889999995043
0.608476000004381
0.931490000004235
0.354418000006212
0.953714000001785
0.305886000002075
0.445001999999934
0.608976000004380
0.357875999995184
0.490384000004071
0.496741999993043
0.396816000001312
0.626455999992893
0.518726000005144
0.576575999999784
0.404001999993806
0.744802000002239
0.374177999994725
0.434268000003917
0.487899999995034
0.376135999998248
0.458310000004990
0.918750000002703
0.486692000006062
0.538360000002694
0.729620000002699
0.838055999995961
0.513458000001621
0.873447999998566
0.921750000002703
0.378205999998248
0.608979999998866
0.624251999998407
0.705861999996111
0.551897999993197
0.564782000003767
0.622263999994884
0.654437999993965
0.623083999994884
0.312198000000084
0.424168000002385
0.391937999997789
0.773497999997798
0.664097999995498
0.423578000002385
0.579559999994270
0.857235999999025
0.599109999997334
0.637805999994425
0.598236000002848
0.382897999996257
0.611513999993352
0.249383999996406
0.327606000005140
0.334068000003148
0.374177999994725
0.584717999997793
0.690204000005608
0.668565999999021
0.921493999997189
0.616341999996875
0.388315999999780
0.833493999997952
0.893528000001630
0.386725999999780
0.387619999994265
0.756102000003771
0.550730000004226
0.641070000003462
0.325961999996102
0.352543999997175
0.716831999997643
0.147396000006667
0.590279999995802
0.531423999995647
0.186435999998243
0.765542000005303
0.622608000003921
0.850584000001017
0.461423999999475
0.737655999995193
0.696196000003617
0.241063999994874
0.712488000003158
0.420053999993347
0.407716000002844
0.682907999998562
0.696671999994579
0.678746000000553
0.381644000001771
0.663314000001012
0.480534000002539
0.270713999999471
0.487446000000548
0.436355999992888
0.073408000006971
0.704578000001626
0.403641999993806
0.401947999999321
0.794491999995348
0.255121999999930
0.502174000005603
0.454292000001466
0.752224000000248
0.549990000004226
0.640353999997948
0.552707999993197
0.394952000006826
0.492334000004071
0.626411999998407
0.804898000002394
0.257490000003453
0.575052000005299
0.420413999993347
0.403397999999321
0.904581999997648
0.261868000006976
0.691174000005608
0.328286000005140
0.587676000001316
0.422493999993347
0.812958000003926
0.544808000006217
0.695058000000094
0.743837999993202
0.619710000000398
0.176985999996711
0.526551999997639
0.603418000000857
0.608396000004380
0.540380000002694
0.026766000002834
0.507929999998098
0.685831999993047
0.741420000004231
0.311868000000084
0.316106000003608
0.510599999998098
0.716616000006681
0.667092000004535
0.573987999996261
0.877976000002089
0.664392000004535
0.694888000000094
0.512708000001621
0.338700000001157
0.703048000001626
0.684677999998562
0.358590000004221
0.286395999999011
0.558315999996720
0.667295999999021
0.212707999999316
0.785467999999330
0.289719999993497
0.686606000002085
0.631483999996416
0.602904000006372
0.394852000006826
0.526326000006676
0.620743999994884
0.508766000003612
0.624421999998407
0.636851999999939
0.627035999992893
0.832203999997952
0.786526000002853
0.148560000001153
0.261033999997939
0.379924000001771
0.656325999997489
0.405391999993806
0.446395999994420
0.612378000002389
0.676606000000553
0.712958000003158
0.664487999995498
0.811330000000403
0.950764000001785
0.124631999994565
0.769319999994275
0.536611999999171
0.368720000005753
0.726325999993661
0.437015999992888
0.700959999998102
0.358030000004221
0.561414000000244
0.765512000005303
0.544482000000703
0.601924000006372
0.696971999994579
0.404691999993806
0.578435999999784
0.516656000005144
0.031014000006358
0.327996000005140
0.426021999996870
0.413998000000853
0.473872000004530
0.761024000001780
0.880119999996575
0.904428000003162
0.483527999997025
0.523038000003153
0.842597999993970
0.764247999996266
0.317899999998093
0.904848000003162
0.538395999993656
0.850710000006531
0.522173999994115
0.717106000006681
0.441473999996411
0.470300000006522
0.849085999997493
0.754692000003771
0.654782000003003
0.729680000002699
0.662744000001012
0.472404000001007
0.918075999993666
0.297276000000543
0.597886000002848
0.551603999998712
0.319554000007131
0.273837999993956
0.849570000006531
0.094312000004521
0.651733999999480
0.420159999998861
0.542903999997180
0.541193999997180
0.890764000007145
0.050713999994870
0.844417999993970
0.851754000001017
0.826485999994429
0.555822000002235
0.448855999994420
0.544048000006217
0.455342000001466
0.066775999994411
0.866272000006072
0.364517999993193
0.706231999996111
0.515531999996107
0.669519999993506
0.837925999995961
0.386512000005294
0.554782000002235
0.531863999995647
0.570719999992738
0.426326000005908
0.594791999993811
0.615561999996875
0.648200000004994
0.148246000006667
0.446101999999934
0.660380000006526
0.668145999999021
0.446241999999934
0.651613999999480
0.329479999999625
0.548225999995188
0.302887999998552
0.623768000003921
0.444638000005449
0.526106000006676
0.905681999997648
0.564487999994729
0.409529999997329
0.738395999995193
0.588169999995802
0.349230000002689
0.283067999995488
0.777746000001321
0.460050000004990
0.513818000001621
0.332048000003148
0.478265999999016
0.608919999998866
0.444538000005449
0.526611999997639
0.313531999994570
0.263048000006976
0.954732000005308
0.223771999995334
0.680179999995038
0.520733999994115
0.430200000000393
0.997026000005922
0.314571999994570
0.261268000006976
0.649990000004994
0.730683999997184
0.831323999997952
0.736802000000707
0.252748000005444
0.532418000004685
0.175652000002225
0.177725999996711
0.414721999995338
0.533128000004685
0.345965999993652
0.601039999997334
0.809396000005917
0.846952000003008
0.904208000003162
0.291397999997020
0.772224000003312
0.855207999995502
0.541010000002694
0.436305999992888
0.799546000004385
0.733373999997184
0.629440000001930
0.591069999995802
0.267835999995947
0.666732000004535
0.234981999996866
0.241938000003912
0.689326000002085
0.364502000002230
0.764452000005303
0.401707999999321
0.148410000001153
0.378745999998248
0.461953999999475
0.788436000002853
0.398086000001312
0.682124000004076
0.468560000006522
0.596201999993811
0.681099999995038
0.743137999993202
0.392067999997789
0.490094000004071
0.263138000006976
0.869156000000557
0.410564000006367
0.640613999997948
0.697666000003617
0.273397999993956
0.919900000002703
0.596036000002848
0.394067999997789
0.358385999995184
0.726151999999175
0.453358000006981
0.889596000003621
0.656125999997489
0.639710000003462
0.367085999996716
0.731190000002699
0.195462000005289
0.728285999993661
0.647215999995957
0.219559999997325
0.708769999999634
0.726555999993661
0.672547999997030
0.537375999993656
0.111934000004062
0.554677999993197
0.522443999994115
0.349540000002689
0.764267999996266
0.337980000001157
0.576075999999784
0.370140000005753
0.349950000002689
0.924318000006226
0.897756000005153
0.618526000005913
0.380684000001771
0.388615999999780
0.846412000003008
0.925838000006226
0.710483999994120
0.060783999996402
0.648565999995957
0.396846000001312
0.689236000002085
0.754887999994734
0.613098000002389
0.369700000005753
0.736555999995193
0.539620000002694
0.602744000006372
0.560480000005758
0.402337999999321
0.732638000006222
0.326291999996102
0.561917999994729
0.713018000003158
0.072138000006971
0.286805999999011
0.608569999998866
0.558830000005758
0.630593999996416
0.868946000000557
0.371124000000239
0.332008000003148
0.759439999992743
0.652947999993965
0.509589999998098
0.516616000005144
0.046021999996861
0.594891999993811
0.336181999997634
0.337136000006672
0.316521999994570
0.343908000004680
0.273147999993956
0.246005999992883
0.606476000004381
0.529480000001162
0.338266000006672
0.406231999993806
0.740590000004231
0.733323999997184
0.609319999998866
0.207729999995793
0.512674000007135
0.623203999994884
0.677286000000553
0.777526000001321
0.235636000005903
0.579259999994270
0.413878000000853
0.371834000000239
0.708426000005149
0.337706000006672
0.595107999999325
0.826895999994429
0.232798000002380
0.716346000006681
0.679179999995038
0.409894000006367
0.617166000005912
0.180230000005749
0.473872000004530
0.591984000004840
0.580469999994270
0.261318000006976
0.298479999995029
0.515826000005144
0.414278000000853
0.578649999994270
0.475592000004530
0.668305999999021
0.457605999995952
0.661954000001012
0.266072000001462
0.914178000004694
0.335426000006672
0.828550000003467
0.825628000005458
0.667565999999021
0.392534000003303
0.278535999997479
0.336191999997634
0.931100000004235
0.399839999995797
0.342263999995643
0.323611999996102
0.875291999993052
0.494021999993043
0.781534000004844
0.566295999998252
0.774782000006835
0.717776000006681
0.580989999994270
0.648765999995957
0.595111999993811
0.066905999994411
0.233178000002380
0.546315999995188
0.925638000006226
0.774097999997798
0.245955999992883
0.939930000005767
0.770344000003312
0.093262000004521
0.945102000003776
0.420509999998861
0.480404000002539
0.285282000004526
0.542408000006217
0.518576000005144
0.330063999994111
0.642238000006985
0.717351999997643
0.638555999994425
0.408266000002844
0.411884000006367
0.542243999997180
0.554292000002235
0.441373999996411
0.191934000001766
0.931963999998721
0.425171999996870
0.712738000003158
0.772997999997798
0.624391999998407
0.622943999994884
0.454212000001466
0.898256000005153
0.425766000005908
0.714998000003158
0.550223999998712
0.690049999996570
0.762624000001780
0.703538000001626
0.173247999993188
0.453868000006981
0.221064000006362
0.837082000001476
0.250040000001921
0.711153999994120
0.294567999997020
0.246645999992883
0.660730000006526
0.785521999993816
0.912703999995657
0.596386000002848
0.087515999997475
0.554177999993197
0.089914000000998
0.549883999998712
0.579879999994270
0.709356000005149
0.674837999997030
0.268650000004985
0.276705999997479
0.631020000001930
0.514528000001621
0.417136000004376
0.593981999993811
0.389724000003303
0.539190000002694
0.336391999997634
0.277990000006517
0.738445999995193
0.236736000005903
0.763047999996266
0.112004000004062
0.396386000001312
0.663007999995498
0.400854000004835
0.517156000005144
0.358220000004221
0.387425999999780
0.347665999993652
0.303341999993038
0.119474000005594
0.644768000006985
0.445925999994420
0.672267999997030
0.163742000000693
0.461787999993961
0.614101999996875
0.621703999994884
0.704571999996111
0.219869999997325
0.507286000003612
0.520029999999630
0.465252000002998
0.609116000004380
0.406446000002844
0.460763999999475
0.350383999997175
0.690914000005608
0.418169999998861
0.611133999993352
0.576145999999784
0.566112000003767
0.889596000003621
0.251363999996407
0.400464000004835
0.334071999997634
0.222204000006362
0.400964000004835
0.850484000001017
0.675962000006067
0.602198000000857
0.843533999999485
0.682807999998562
0.360110000004221
0.747165999996725
0.417196000004376
0.630623999996416
0.528826000006676
0.706356000005149
0.242093999994874
0.711823999994120
0.630093999996416
0.401694000004835
0.764952000005303
0.765142000005303
0.356222000000698
0.639680000003462
0.477999999993502
0.650550000004994
0.734058000006222
0.401837999999321
0.303971999993038
0.709889999999634
0.480074000002539
0.431998000003917
0.905031999997648
0.451873999997943
0.444058000005449
0.610493999993352
0.827341999999944
0.087435999997475
0.796536000004385
0.597836000002848
0.889729999998107
0.202004000003298
0.609179999998866
0.528676000006676
0.375152000003762
0.492267999998557
0.721653999995652
0.533188000004685
0.890919999998107
0.097515999999007
0.529870000001162
0.319079999998093
0.864937999997034
0.502228000000089
0.811483999994888
0.871419999995043
0.716561999997643
0.968506000001326
0.769355999999789
0.691864000005608
0.538605999993656
0.895441999996116
0.529006000006676
0.606791999995343
0.947465999998262
0.867402000006072
0.534518000004685
0.613288000002389
0.376615999998248
0.939010000005767
0.642173999997948
0.892684000007145
0.645552000001471
0.635088000005453
0.370160000005753
0.202867999997784
0.559055999996720
0.025206000002834
0.487656000000548
0.617101999996875
0.734408000006222
0.390054000003303
0.252228000005444
0.253521999999930
0.738145999995193
0.735852000000707
0.732863999997184
0.421743999993347
0.366145999996716
0.251978000005444
0.597266000002848
0.757262000003771
0.711359999999635
0.181357999994720
0.854512000004540
0.873024000004081
0.825351999999944
0.264058000006976
0.472544000001007
0.451023999997943
0.588426000001316
0.808990000000403
0.463187999993961
0.300274000004067
0.791369999997339
0.592284000004840
0.148116000006667
0.196375999999775
0.582867999997793
0.645912000001471
0.686851999993047
0.638050000003462
0.630510000001930
0.657085999997489
0.614641999996875
0.608816000004381
0.114541999993033
0.460303999999475
0.582277999997793
0.375162000003762
0.753404000000248
0.388215999999780
0.278960000006517
0.359963999998707
0.722503999995652
0.508319999998098
0.631523999996416
0.324458000001616
0.960954000003317
0.380759999992733
0.470310000006522
0.609579999998866
0.664317999995498
0.409549999997329
0.786636000002853
0.769275999999789
0.180280000005749
0.507849999998098
0.549953999998712
0.441928000005449
0.446765999994420
0.898186000005153
0.732738000006222
0.587316000001316
0.840370000004999
0.094342000004521
0.581957999997793
0.641050000003462
0.666322000004535
0.742223999998716
0.355432000000698
0.746422000002239
0.414718000000853
0.458655999995952
0.336376000006672
0.890609999998107
0.686341999993047
0.921603999997189
0.684251999993047
0.474777999995493
0.150220000001153
0.460503999999475
0.393652000006826
0.611293999993352
0.965072000006840
0.328999999999625
0.614128000002389
0.547565999995188
0.218119999997325
0.452208000006981
0.546772000000703
0.388215999999780
0.451363999997943
0.318739999998093
0.291507999997020
0.691914000005608
0.702918000001626
0.582547999997793
0.875437999998566
0.716681999997643
0.484907999997025
0.569899999992738
0.514231999996107
0.652823999999480
0.678216000000553
0.689969999996570
0.855452000004540
0.707066000005149
0.419693999993347
0.343858000004680
0.947892000003776
0.420479999998861
0.426081999996870
0.838650000004999
0.463277999993961
0.286735999999011
0.453558000006981
0.274792000002994
0.468165999997484
0.730100000002698
0.441888000005449
0.823533999996420
0.528486000006676
0.670814000002544
0.572224000001776
0.755252000003771
0.649670000004994
0.344111999999166
0.638870000003462
0.837022000001476
0.515511999996107
0.978086000002858
0.347435999993652
0.363377999993192
0.445895999994420
0.739100000004230
0.715348000003158
0.406626000002844
0.271223999999471
0.689679999996570
0.669419999993506
0.819090000001935
0.660224000001012
0.290484000002535
0.596511999993811
0.855682000004540
0.535741999999171
0.510924000007135
0.045106000005899
0.307456000002075
0.593577999999325
0.331558000003148
0.684281999993047
0.391854000003303
0.445611999999934
0.252718000005444
0.446645999994420
0.365682000002230
0.833583999997953
0.444108000005449
0.616421999996875
0.520779999999630
0.930853999998721
0.751654000000248
0.669239999993506
0.364742000002230
0.580824000003308
0.764377999996266
0.629270000001930
0.430473999994879
0.742493999998716
0.564332000003767
0.653133999999480
0.617181999996875
0.575322000005299
0.593387999999325
0.256131999999930
0.784297999999330
0.785131999993816
0.403027999999321
0.792768000000862
0.732363999997184
0.160703999997170
0.488979999995034
0.659370000006526
0.859209999993511
0.595691999993811
0.406046000002844
0.694761999994579
0.844127999993970
0.807856000005917
0.273412000002994
0.314261999994570
0.716601999997643
0.368160000005753
0.404207999999321
0.958185999999794
0.432918000003917
0.319704000007131
0.756885999998257
0.813133999994888
0.669155999999021
0.724338000004690
0.363667999993192
0.494631999993043
0.315921999994570
0.705068000001626
0.722633999995652
0.651223999999480
0.670369999993506
0.510689999998098
0.822023999996421
0.410019999997329
0.321464000007131
0.356252000000698
0.724058000004690
0.239930000000389
0.286022000004526
0.216546000002839
0.647625999995957
0.373957999994725
0.332508000003148
0.254691999999930
0.891784000007145
0.442613999996411
0.358595999995184
0.319694000007131
0.736545999995193
0.666432000004535
0.721803999995652
0.733488000006222
0.469740000006522
0.706761999996111
0.721533999995652
0.349533999997175
0.559045999996720
0.623758000003921
0.909386000006685
0.313478000000084
0.579049999994270
0.600124000006372
0.802628000002394
0.487156000000548
0.291894000002535
0.104432000006053
0.676736000000553
0.794911999995348
0.353672000000698
0.439380000001926
0.458690000004990
0.411334000006367
0.287679999993497
0.685007999998562
0.610373999993352
0.550780000004226
0.786421999993816
0.640823999997948
0.510219999998098
0.467005999997484
0.558920000005758
0.759469999992743
0.527950000001162
0.627695999992893
0.550413999998712
0.772917999997798
0.524581999997639
0.672874000002544
0.549330000004226
0.573137999996261
0.068085999994411
0.821793999996420
0.881289999996575
0.602898000000857
0.526111999997639
0.612978000002389
0.311628000000084
0.552647999993197
0.583397999997793
0.547715999995188
0.837162000001476
0.430363999994879
0.700154000007140
0.305651999993038
0.139593999994106
0.681289999995038
0.460913999999475
0.598979999997334
0.400064000004835
0.314491999994570
0.652683999999480
0.799359999998871
0.730233999997184
0.203752000006821
0.602974000006372
0.358560000004221
0.711943999994120
0.457235999995952
0.966282000006840
0.570079999992738
0.730253999997184
0.751320000005763
0.657295999997489
0.737785999995193
0.721293999995652
0.865397999997034
0.741480000004231
0.453028000006981
0.696311999994579
0.549950000004226
0.321538000001616
0.754377999994734
0.729370000002698
0.526146000006676
0.852734000001017
0.205786000001307
0.430693999994879
0.326361999996102
0.295696000000543
0.455882000001466
0.249750000001921
0.460230000004990
0.651053999999480
0.429190000000393
0.704771999996111
0.509149999998098
0.860119999993511
0.660724000001012
0.436731999998402
0.772314000003312
0.453998000006981
0.419329999998861
0.622198000003921
0.708926000005149
0.774927999997798
0.266995999995947
0.362797999993193
0.550473999998711
0.949535999998262
0.520423999994115
0.346485999993652
0.457835999995952
0.626275999992893
0.453348000006981
0.315291999994570
0.632843999996416
0.969036000001326
0.923243999997189
0.434038000003917
0.572127999996261
0.245851999998398
0.431143999994879
0.714828000003158
0.407676000002844
0.645128000006985
0.646335999995957
0.789609999997339
0.568675999998252
0.784477999999330
0.659245999997489
0.652437999993965
0.596106000002848
0.723403999995652
0.376712000003762
0.579539999994270
0.129804000007126
0.946312000003776
0.562494000000244
0.824851999999944
0.519823999994115
0.546502000000703
0.345241999999166
0.376575999998248
0.839105999995961
0.536465999993656
0.764827999996266
0.717431999997643
0.397876000001312
0.596791999993811
0.464457999993961
0.834602000001476
0.697326000003617
0.787806000002853
0.535991999999171
0.422038000002385
0.531453999995647
0.462623999999475
0.568505999998252
0.327516000005140
0.510179999998098
0.311864000005599
0.423611999996870
0.821223999996420
0.271693999999471
0.368255999996716
0.948839999992747
0.666462000004535
0.764797999996266
0.951434000001785
0.397669999995797
0.283772000004526
0.614178000002389
0.361813999998707
0.496711999993043
0.298859999995029
0.598349999997334
0.681774000004076
0.691924000005608
0.104742000006053
0.382647999996257
0.667605999999021
0.251598000005444
0.589329999995802
0.440163999996411
0.663947999995497
0.410019999997329
0.257530000003453
0.813778000003926
0.925418000006226
0.818955999992897
0.288909999993497
0.692884000005608
0.137266000005135
0.335936000006672
0.628290000001930
0.628390000001930
0.883728000000098
0.725241999999175
0.690279999996570
0.832273999997952
0.416376000004376
0.304891999993038
0.557475999996720
0.371527999994725
0.660164000001012
0.480324000002539
0.640053999997948
0.259563999997938
0.864567999997034
0.787716000002853
0.678416000000553
0.887691999994584
0.085935999997475
0.626861999998407
0.178790000005749
0.352648000006212
0.335906000006672
0.706471999996111
0.272897999993956
0.325416000005139
0.425636000005908
0.510109999998098
0.705208000001626
0.593327999999325
0.466312000002998
0.510349999998098
0.774997999997798
0.714681999997643
0.806746000005917
0.422193999993347
0.726451999999175
0.540713999997180
0.707036000005149
0.470390000006522
0.390119999994265
0.280434000001003
0.794588000000862
0.843083999999484
0.143468000003144
0.758665999998257
0.343768000004680
0.635731999999939
0.322868000001616
0.456575999995952
0.644398000006985
0.783414000004844
0.745762000002239
0.753407999994734
0.566112000003767
0.505836000003612
0.714478000003158
0.386515999999780
0.568009999992738
0.267775999995947
0.615681999996875
0.534651999999171
0.488956000000548
0.646512000001471
0.362087999993193
0.683067999998562
0.470164000001007
0.654192000003003
0.570259999992738
0.349513999997175
0.772134000003312
0.661184000001012
0.245665999992883
0.575552000005299
0.415996000004376
0.475972000004530
0.232293999993342
0.651903999999480
0.875641999993052
0.785781999993816
0.338200000001157
0.709739999999634
0.333068000003148
0.421633999993347
0.703224000007140
0.359533999998707
0.454222000001466
0.371694000000239
0.229049999998857
0.661030000006526
0.458070000004990
0.559800000005758
0.636925999994425
0.579849999994270
0.830410000003467
0.929960000004235
0.689399999996570
0.282887999995488
0.367530000005753
0.624311999998407
0.965252000006840
0.439110000001926
0.554717999993197
0.462123999999475
0.347760000002689
0.382174000001771
0.775222000006835
0.558720000005758
0.947915999998262
0.796311999995348
0.443848000005449
0.893538000001630
0.273412000002994
0.316276000003608
0.667272000004535
0.732493999997184
0.375795999998248
0.708636000005149
0.766665999999789
0.658540000006526
0.513118000001621
0.560750000005758
0.146171999997629
0.655282000003003
0.494137999998557
0.468360000006522
0.391324000003303
0.215211999993802
0.029304000006358
0.245825999992883
0.736792000000707
0.429270000000394
0.835488000006990
0.596261999993811
0.188599999992729
0.272207999993956
0.408126000002844
0.578229999994270
0.275232000002994
0.625401999998407
0.611153999993352
0.460833999999475
0.737255999995193
0.724498000004690
0.697166000003617
0.787131999993816
0.743313999998716
0.757765999998257
0.297206000000543
0.551303999998711
0.675782000006067
0.717546000006681
0.716466000006681
0.364127999993193
0.437995999992888
0.348005999993652
0.787321999993816
0.150203999995638
0.327959999999625
0.904968000003162
0.289569999993497
0.418659999998861
0.944712000003776
0.512828000001621
0.493117999998557
0.286715999999011
0.551987999993197
0.343608000004680
0.578475999999784
0.339690000001157
0.899776000005153
0.583947999997793
0.261363999997939
0.494477999998557
0.547115999995188
0.676562000006067
0.527920000001162
0.767352000005303
0.648365999995957
0.451973999997943
0.749990000005763
0.735772000000707
0.228016000004371
0.102144000002530
0.621050000000398
0.768795999999789
0.498099999996566
0.264498000006976
0.613148000002389
0.326021999996102
0.867636000000557
0.469710000006522
0.626331999998407
0.795611999995348
0.307916000002075
0.317649999998093
0.202887999997784
0.676532000006067
0.350370000002689
0.450103999997943
0.640653999997948
0.533158000004685
0.881469999996575
0.600409999997334
0.405201999993806
0.770139999994275
0.757975999998257
0.612148000002389
0.998936000005922
0.554197999993197
0.732528000006222
0.680529999995038
0.379589999992733
0.684527999998562
0.618490000000398
0.500369999996566
0.742843999998716
0.869569999995043
0.127969999998088
0.860589999993511
0.590214000004840
0.728855999993661
0.505281999994575
0.447675999994420
0.605421999995343
0.574902000005299
0.237266000005903
0.336141999997634
0.163258000006208
0.592917999999325
0.261743999997939
0.733638000006222
0.746182000002239
0.305271999993038
0.153981999999161
0.568689999992738
0.488106000000548
0.235031999996866
0.879236000002089
0.728555999993661
0.708769999999634
0.652953999999480
0.477045999999016
0.829540000003467
0.676206000000553
0.660100000006526
0.548775999995188
0.500974000005603
0.798389999998871
0.583797999997793
0.522963999994115
0.735328000006222
0.401614000004835
0.592427999999325
0.745492000002239
0.563847999994729
0.609959999998866
0.459410000004990
0.333408000003148
0.648430000004994
0.925008000006226
0.466455999997484
0.618846000005912
0.456232000001466
0.708439999999634
0.558000000005758
0.667895999999021
0.656125999997489
0.355412000000698
0.793348000000862
0.478825999999016
0.364652000002230
0.584062000006831
0.724348000004690
0.872004000004081
0.478395999999016
0.324621999996102
0.636075999994425
0.459933999999475
0.121224000005594
0.701554000007140
0.291577999997020
0.448690000003458
0.377315999998248
0.690194000005608
0.564142000003767
0.928175999995198
0.935627999993206
0.669429999993506
0.984781999995352
0.404551999993806
0.432833999994879
0.113441999993033
0.454262000001466
0.636015999994425
0.344448000004680
0.654902000003003
0.431958000003917
0.806501999996880
0.779929999995807
0.885418000000098
0.632803999996416
0.287309999993497
0.349683999997175
0.640733999997948
0.716551999997643
0.651883999999480
0.973854000004849
0.867162000006072
0.224201999995334
0.494421999993043
0.710833999994120
0.779549999995807
0.691109999996570
0.872587999998566
0.407636000002844
0.558425999996720
0.386715999999780
0.355512000000698
0.519209999999630
0.563737999994729
0.650763999999480
0.688616000002085
0.420789999998861
0.728785999993661
0.360423999998707
0.623228000003921
0.233451999996866
0.378169999992733
0.768265999999789
0.297409999995029
0.495681999993043
0.532693999995647
0.305631999993038
0.688056000002085
0.625541999998407
0.818940000001935
0.039783999993338
0.268980000004985
0.395766000001312
0.902618000003162
0.837685999995961
0.412478000000853
0.633023999996416
0.337766000006672
0.816521999998412
0.141968000003144
0.558655999996720
0.579015999999784
0.769159999994275
0.380164000001771
0.842063999999485
0.204162000006821
0.874761999993052
0.505541999994575
0.420043999993347
0.518049999999630
0.338050000001157
0.530290000001162
0.398736000001312
0.639700000003462
0.817201999998412
0.471614000001007
0.227606000004371
0.817545999992897
0.698916000003617
0.402364000004835
0.760449999992743
0.648885999995957
0.499954000005603
0.469800000006522
0.194177999996252
0.630433999996416
0.662164000001012
0.333968000003148
0.246275999992883
0.289849999993497
0.647295999995957
0.730740000002698
0.849720000006531
0.457830000004990
0.846242000003008
0.491957999998557
0.284497999995488
0.859559999993511
0.159253999997170
0.650390000004994
0.555925999996720
0.600969999997334
0.872557999998566
0.593207999999325
0.552673999998711
0.620883999994884
0.692444000005608
0.257845999994415
0.348165999993652
0.277225999997479
0.436331999998402
0.390914000003303
0.698999999998102
0.674647999997030
0.458430000004990
0.199599999994261
0.748985999996725
0.712803999994120
0.424738000002385
0.684477999998562
0.304581999993038
0.641303999997948
0.574107999996261
0.904768000003162
0.340410000001157
0.896916000005153
0.599519999997334
0.545822000000703
0.257970000003453
0.382364000001771
0.602278000000857
0.448375999994420
0.604108000000857
0.445991999999934
0.707546000005149
0.762327999996266
0.918095999993666
0.433891999998402
0.302877999998552
0.409409999997329
0.596966000002848
0.420773999993347
0.323518000001616
0.687446000002085
0.675282000006067
0.482564000002539
0.695801999994579
0.418059999998861
0.571834000001776
0.734872000000707
0.375892000003762
0.289289999993497
0.411464000006367
0.364477999993193
0.567855999998252
0.726431999999175
0.399449999995797
0.826581999999944
0.450330000003458
0.698396000003617
0.554112000002235
0.563947999994729
0.664227999995498
0.715318000003158
0.680079999995038
0.466905999997484
0.435371999998402
0.701069999998102
0.573942000005299
0.541948000006217
0.464817999993961
0.498879999996566
0.558180000005758
0.384637999996257
0.294027999997020
0.394942000006826
0.607856000004380
0.563867999994729
0.934902000002244
0.652153999999480
0.585522000006831
0.631170000001930
0.528556000006676
0.976031999993820
0.570859999992738
0.698769999998102
0.323848000001616
0.911760000001171
0.694391999994579
0.341863999995643
0.446361999999934
0.077155999995943
0.514808000001621
0.734968000006222
0.171323999998702
0.766422000005303
0.622933999994884
0.723148000004690
0.734202000000707
0.339910000001157
0.442428000005449
0.401904000004835
0.345141999999166
0.534051999999171
0.726161999999175
0.351928000006212
0.589119999995802
0.766312000005303
0.688189999996570
0.490869999995034
0.950849999992747
0.413378000000853
0.751304000000248
0.612818000002389
0.499989999996566
0.602074000006372
0.442393999996411
0.685931999993047
0.554452000002235
0.706946000005149
0.665942000004535
0.408406000002844
0.308289999996561
0.609529999998866
0.573887999996261
0.688789999996570
0.728255999993661
0.823593999996420
0.508059999998098
0.400774000004835
0.901629999999639
0.584767999997793
0.312628000000084
0.496476000002080
0.807541999996880
0.812948000003926
0.710599999999634
0.837115999995961
0.402134000004835
0.233178000002380
0.166025999995179
0.781594000004844
0.326916000005139
0.696371999994579
0.751504000000248
0.618386000005912
0.235696000005903
0.536855999993656
0.675322000006067
0.240000000000389
0.094522000004521
0.788496000002853
0.646402000001471
0.361717999993192
0.763687999996266
0.370884000000239
0.795951999995348
0.464767999993961
0.615421999996875
0.733828000006222
0.754982000003771
0.816475999992897
0.064935999994411
0.699316000003617
0.370054000000239
0.233681999996866
0.403657999999321
0.688066000002085
0.378605999998248
0.669155999999021
0.626345999992893
0.866082000006072
0.789949999997339
0.404407999999321
0.480244000002539
0.326526000005139
0.547375999995188
0.132798000001612
0.826411999999944
0.765257999996266
0.332613999994111
0.388889999994265
0.728585999993661
0.590989999995802
0.662394000001012
0.562774000000244
0.191277999996252
0.374852000003762
0.318779999998093
0.380059999992733
0.607856000004380
0.803188000002394
0.185862000003757
0.466205999997484
0.645192000001471
0.380524000001771
0.430340000000393
0.904418000003162
0.603118000000857
0.510259999998098
0.546285999995188
0.395502000006826
0.528526000006676
0.121984000005594
0.278120000006517
0.498576000002080
0.176282000002225
0.302487999998552
0.342293999995643
0.719320000001166
0.803563999993356
0.501154000005603
0.662154000001012
0.345765999993652
0.447245999994420
0.558630000005758
0.456315999995952
0.314491999994570
0.753517999994734
0.492374000004071
0.520319999999630
0.532833999995648
0.506981999994575
0.091644000000998
0.691339999996570
0.698709999998102
0.259210000003453
0.812443999994888
0.634381999999939
0.437930000001926
0.611403999993352
0.850450000006531
0.437985999992888
0.781499999995807
0.244438000003912
0.463672000002998
0.267425999995947
0.613088000002389
0.241173999994874
0.702168000001626
0.791634000006376
0.376465999998248
0.543898000006217
0.420803999993347
0.704888000001626
0.458440000004990
0.642803999997948
0.867296000000557
0.665262000004535
0.653193999999480
0.716896000006681
0.976281999993820
0.456935999995952
0.602258000000857
0.379894000001771
0.592827999999325
0.225866000004371
0.683274000004076
0.151913999995638
0.336046000006672
0.869229999995043
0.718826000006681
0.612313999993352
0.710089999999634
0.197195999999775
0.424731999996870
0.467890000006522
0.541013999997179
0.677146000000553
0.652543999999480
0.771024000003312
0.642448000006985
0.059943999996402
0.395666000001312
0.619470000000398
0.339830000001157
0.487536000000548
0.654267999993965
0.404791999993806
0.646575999995957
0.412414000006367
0.219729999997325
0.919225999993666
0.778976000001321
0.994798000002399
0.655722000003003
0.673114000002544
0.446135999994420
0.691914000005608
0.498856000002080
0.684857999998562
0.880909999996575
0.572904000001776
0.604961999995343
0.457345999995952
0.808376000005917
0.566785999998252
0.725801999999175
0.632318000005453
0.492147999998557
0.448790000003458
0.848760000006531
0.427466000005908
0.810453999994888
0.573417999996261
0.391944000003303
0.704898000001626
0.371547999994725
0.208069999995793
0.622463999994884
0.378009999992733
0.746422000002239
0.332313999994111
0.767325999999789
0.119969999996556
0.397746000001312
0.180264000000234
0.446521999999934
0.887321999994584
0.675802000006067
0.832213999997953
0.515866000005144
0.762294000001780
0.661724000001012
0.176465999996711
0.489939999995034
0.309529999996561
0.722638000004690
0.888426000003621
0.303607999998552
0.682044000004076
0.669095999999021
0.741393999998716
0.384177999996257
0.728905999993661
0.296996000000543
0.732548000006222
0.263412000001462
0.814588000003926
0.271997999993956
0.713393999994120
0.270323999999471
0.187585999998243
0.352533999997175
0.814661999998412
0.167095999995179
0.969306000001326
0.893948000001630
0.608966000004381
0.621403999994884
0.658895999997489
0.593014000004840
0.428480000000393
0.846402000003008
0.634818000005453
0.394372000006826
0.733708000006222
0.515451999996107
0.693718000000094
0.524071999997639
0.394717999997789
0.596281999993811
0.898386000005153
0.496571999993043
0.591384000004840
0.799216000004385
0.395832000006826
0.512664000007135
0.744342000002239
0.335776000006672
0.561014000000244
0.893244000007145
0.065405999994411
0.618276000005913
0.702978000001626
0.916781999999180
0.598046000002848
0.316026000003607
0.562647999994729
0.428766000005908
0.370084000000239
0.248115999992883
0.901863999994125
0.357025999995184
0.221968000000848
0.597816000002848
0.714438000003158
0.264032000001462
0.584792000006831
0.482674000002539
0.522423999994115
0.436551999998402
0.651223999999480
0.753064000000248
0.377225999998248
0.179010000005749
0.482437999997025
0.674567999997030
0.226476000004371
0.490889999995034
0.952464000001785
0.477635999999016
0.566352000003767
0.566672000003767
0.724778000004690
0.191584000001766
0.787066000002853
0.844592000003008
0.660794000001012
0.331718000003148
0.617556000005912
0.135131999996097
0.260913999997939
0.743647999993202
0.579279999994270
0.574147999996261
0.797996000004385
0.518939999999630
0.566372000003767
0.283912000004526
0.551753999998712
0.529270000001162
0.915698000004694
0.493387999998557
0.987276000004390
0.374417999994725
0.741843999998716
0.664702000004535
0.666692000004535
0.052218000003907
0.311324000005599
0.309594000005599
0.403057999999321
0.245351999998398
0.484622000006062
0.774887999997798
0.613108000002389
0.819025999992897
0.520259999999630
0.404017999999321
0.448885999994420
0.628735999992893
0.799319999998871
0.542968000006217
0.734618000006222
0.502414000005603
0.547045999995188
0.764337999996266
0.868516000000557
0.350210000002689
0.578579999994270
0.685281999993047
0.483787999997025
0.444391999999934
0.658535999997489
0.324541999996102
0.617016000005913
0.554172000002235
0.613163999993352
0.773347999997798
0.460210000004990
0.639090000003462
0.782024000004844
0.408816000002844
0.183252000003757
0.338446000006672
0.273917999993956
0.678186000000553
0.498436000002080
0.285662000004526
0.861824000002549
0.677272000006067
0.205202000006821
0.567335999998252
0.542953999997180
0.489159999995034
0.560644000000244
0.813168000003926
0.540473999997179
0.197985999999775
0.854497999995502
0.885981999994584
0.197305999999775
0.769919999994275
0.550353999998711
0.368255999996716
0.409319999997329
0.611163999993352
0.378239999992733
0.791144000006376
0.777552000006835
0.618300000000398
0.678979999995038
0.813848000003926
0.328246000005139
0.796536000004385
0.417919999998861
0.156955999993647
0.293697999997020
0.376412000003762
0.684397999998562
0.285982000004526
0.532708000004685
0.559130000005758
0.835362000001476
0.457165999995952
0.817065999992897
0.257865999994415
0.709006000005149
0.795741999995348
0.645212000001471
0.555382000002235
0.135226000005135
0.495976000002080
0.731083999997184
0.829215999994429
0.577135999999784
0.735492000000707
0.215576000002839
0.324608000001616
0.374157999994725
0.331473999994111
0.560044000000244
0.534251999999171
0.656932000003003
0.630843999996416
0.506491999994575
0.614221999996875
0.506801999994575
0.602838000000857
0.498776000002080
0.214971999993802
0.593044000004840
0.767372000005303
0.546832000000703
0.456285999995952
0.558005999996720
0.314338000000084
0.432688000003917
0.466282000002998
0.697361999994579
0.515721999996107
0.666712000004535
0.939815999996730
0.829605999994429
0.628380000001930
0.916751999999180
0.742847999993202
0.700254000007140
0.433068000003917
0.738965999995193
0.758729999992743
0.477345999999016
0.618050000000398
0.736785999995193
0.539660000002694
0.610299999998866
0.301674000004067
0.574302000005299
0.561004000000244
0.460723999999475
0.313851999994570
0.504378000000089
0.488079999995034
0.477929999993502
0.719660000001166
0.094292000004521
0.556065999996720
0.731140000002699
0.502768000000089
0.393782000006826
0.552847999993197
0.184562000003757
0.268770000004985
0.685347999998562
0.849960000006531
0.711179999999634
0.405161999993806
0.436861999998402
0.922983999997189
0.831573999997952
0.504111999994575
0.731883999997184
0.306266000002075
0.923288000006226
0.864757999997034
0.650880000004994
0.325386000005140
0.434871999998402
0.380424000001771
0.803413999993356
0.351703999997175
0.583797999997793
0.644868000006985
0.280084000001003
0.786191999993816
0.349553999997175
0.766845999999789
0.641163999997948
0.650683999999480
0.515991999996107
0.321694000007131
0.752594000000248
0.401834000004835
0.728165999993661
0.889259999998107
0.500539999996566
0.331003999994111
0.408606000002844
0.547785999995188
0.941510000005767
0.450433999997943
0.399804000004835
0.434808000003917
0.733748000006222
0.949699999992747
0.791504000006376
0.543278000006217
0.474172000004530
0.615831999996875
0.379494000001771
0.404597999999321
0.514958000001621
0.721533999995652
0.807936000005917
0.541733999997180
0.874517999998566
0.661494000001012
0.560924000000244
0.567365999998252
0.464247999993961
0.264152000001462
0.506326000003612
0.794358000000862
0.634051999999939
0.919365999993666
0.625041999998407
0.628045999992893
0.795148000000862
0.119344000005594
0.621803999994884
0.783397999999330
0.699719999998102
0.408696000002844
0.581324000003308
0.672527999997030
0.277055999997479
0.834768000006990
0.466522000002998
0.826141999999944
0.717886000006681
0.430540000000393
0.365995999996716
0.165515999995179
0.571314000001776
0.799399999998871
0.781404000004844
0.552943999998711
0.835168000006990
0.552123999998712
0.416591999995338
0.666515999999021
0.657085999997489
0.565402000003767
0.441788000005449
0.624261999998407
0.692868000000094
0.526246000006676
0.623103999994884
0.284157999995488
0.739345999995193
0.492634000004071
0.534558000004685
0.616346000005913
0.723578000004690
0.682174000004076
0.874981999993052
0.722758000004690
0.537960000002694
0.789619999997339
0.365985999996716
0.596391999993811
0.379554000001771
0.447980000003458
0.635208000005453
0.807141999996880
0.225276000004371
0.618386000005912
0.490779999995034
0.241608000003912
0.542778000006217
0.520559999999630
0.158090000002685
0.770109999994275
0.636015999994425
0.298909999995029
0.363027999993193
0.766312000005303
0.696536000003617
0.837805999995961
0.498899999996566
0.083127999993952
0.455582000001466
0.618886000005913
0.937685999996730
0.420319999998861
0.751020000005763
0.264962000001462
0.427116000005908
0.406176000002844
0.326041999996102
0.462253999999475
0.708629999999634
0.314591999994570
0.600384000006372
0.370150000005753
0.451838000006981
0.639820000003462
0.554927999993197
0.573397999996261
0.790189999997339
0.313818000000084
0.594717999999325
0.362403999998707
0.711743999994120
0.862314000002549
0.705541999996111
0.663677999995497
0.634431999999939
0.620863999994884
0.695298000000094
0.371777999994725
0.296252000006058
0.514631999996107
0.293667999997020
0.568065999998252
0.826605999994429
0.244208000003912
0.242528000003912
0.432768000003917
0.722528000004690
0.452173999997943
0.891054000007145
0.434358000003917
0.743047999993202
0.855032000004540
0.288235999999011
0.949139999992747
0.679769999995038
0.616626000005913
0.650950000004994
0.698786000003617
0.407699999997329
0.216411999993802
0.641030000003462
0.887616000003621
0.887481999994584
0.505371999994575
0.251423999996406
0.508369999998098
0.642588000006985
0.489529999995034
0.429310000000393
0.632028000005453
0.481054000002539
0.803468000002394
0.426151999996870
0.540753999997179
0.495681999993043
0.616746000005913
0.388189999994265
0.717466000006681
0.344441999999166
0.662107999995498
0.340460000001157
0.386722000005294
0.663357999995497
0.677556000000553
0.680739999995038
0.373917999994725
0.637091999999939
0.614831999996875
0.952857999996271
0.810290000000403
0.974797999999335
0.681734000004076
0.667315999999021
0.482247999997025
0.627865999992893
0.354092000000698
0.288279999993497
0.157525999993647
0.733108000006222
0.363107999993192
0.580064000003308
0.844217999993970
0.422498000002385
0.560304000000243
0.580339999994270
0.448640000003458
0.290469999993497
0.919300000002703
0.594907999999325
0.517036000005144
0.680739999995038
0.575552000005299
0.589359999995802
0.291797999997020
0.327399999999625
0.677222000006067
0.677002000006067
0.840710000004999
0.537305999993656
0.860789999993511
0.500314000005603
0.231578000002380
0.985261999995352
0.563277999994729
0.341443999995643
0.628885999992893
0.372624000000239
0.698149999998102
0.799609999998871
0.725048000004690
0.339420000001157
0.606061999995343
0.951664000001785
0.513668000001621
0.556985999996720
0.733368000006222
0.870644000004081
0.538385999993656
0.397876000001312
0.788816000002853
0.674227999997030
0.651933999999480
0.310069999996561
0.581014000003308
0.467355999997484
0.516281999996107
0.599156000002848
0.669315999999021
0.844567999993970
0.648185999995957
0.193307999996252
0.551877999993197
0.406906000002844
0.776916000001321
0.679076000000553
0.415011999995338
0.194852000005289
0.451233999997943
0.708319999999634
0.071383999997934
0.844147999993970
0.498146000002080
0.430370000000393
0.559904000000244
0.736112000000707
0.805941999996880
0.254438000005444
0.809080000000403
0.383637999996257
0.669019999993506
0.568805999998252
0.500634000005603
0.830643999997952
0.504088000000089
0.664432000004535
0.826755999994429
0.487296000000548
0.307936000002075
0.662574000001012
0.841483999999485
0.682467999998562
0.530190000001162
0.726411999999175
0.576305999999784
0.567475999998252
0.490144000004071
0.171263999998702
0.542043999997179
0.719790000001166
0.673627999997029
0.701224000007140
0.534478000004685
0.404107999999321
0.255325999994415
0.392037999997789
0.554282000002235
0.589919999995802
0.636455999994425
0.664132000004535
0.457125999995952
0.573892000005299
0.504598000000089
0.131168000001612
0.361603999998707
0.821403999996420
0.233361999996866
0.288195999999011
0.484667999997025
0.814931999998412
0.688206000002085
0.757135999998257
0.338200000001157
0.830950000003467
0.756032000003771
0.592237999999325
0.800049999998871
0.563827999994729
0.389959999994265
0.530190000001162
0.829015999994429
0.452978000006981
0.492464000004071
0.341963999995643
0.928600000004235
0.510159999998098
0.612983999993352
0.604631999995343
0.590044000004840
0.419769999998861
0.528736000006676
0.524538000003153
0.366325999996716
0.531958000004685
0.522098000003153
0.582637999997793
0.504761999994575
0.796336000004385
0.605011999995343
0.648905999995957
0.286355999999011
0.669035999999021
0.348280000002689
0.759235999998257
0.663747999995497
0.774487999997798
0.787046000002853
0.664172000004535
0.812928000003926
0.326856000005139
0.585052000006831
0.757182000003771
0.128146000003603
0.333558000003148
0.598219999997334
0.582774000003308
0.263438000006976
0.505241999994575
0.293722000006058
0.444181999999934
0.356275999995184
0.635711999999939
0.618096000005912
0.847385999997493
0.248430000001921
0.348230000002689
0.311448000000084
0.344568000004680
0.648500000004994
0.598859999997334
0.448225999994420
0.216246000002839
0.737655999995193
0.096595999999007
0.920843999997189
0.920580000002703
0.376895999998248
0.484682000006062
0.274572000002994
0.247530000001921
0.491484000004071
0.795081999995348
0.780739999995807
0.649550000004994
0.670759999993506
0.385945999999780
0.793008000000862
0.730200000002698
0.668185999999021
0.713888000003158
0.516391999996107
0.225521999995334
0.530450000001162
0.653447999993966
0.810860000000403
0.436001999998402
0.052053999994870
0.481464000002539
0.478409999993502
0.649030000004994
0.253068000005444
0.323998000001616
0.396186000001312
0.609116000004380
0.660890000006526
0.657065999997489
0.279434000001003
0.259840000003453
0.203627999997784
0.744437999993202
0.592477999999325
0.264502000001462
0.653967999993965
0.606081999995343
0.454462000001466
0.754972000003771
0.419279999998861
0.099654000002530
0.576212000005299
0.559370000005758
0.390454000003303
0.579954000003308
0.686241999993047
0.764292000005303
0.726965999993661
0.897036000005153
0.636375999994425
0.339483999995643
0.616681999996875
0.334671999997634
0.556262000002235
0.317996000003608
0.439130000001926
0.475912000004530
0.710749999999635
0.852517999995502
0.503978000000089
0.828840000003467
0.086795999997475
0.531003999995648
0.847012000003008
0.081947999993952
0.710753999994120
0.615611999996875
0.600509999997334
0.637001999999939
0.598126000002848
0.733738000006222
0.670449999993506
0.552483999998712
0.307266000002075
0.615321999996875
0.671484000002544
0.361123999998707
0.702934000007140
0.385872000005294
0.401384000004835
0.645188000006985
0.618200000000398
0.647705999995957
0.794731999995348
0.369890000005753
0.450093999997943
0.447255999994420
0.562697999994729
0.515631999996107
0.717226000006681
0.496506000002080
0.357035999995184
0.582927999997793
0.680119999995038
0.786811999993816
0.290294000002535
0.436385999992888
0.727995999993661
0.872364000004081
0.492057999998557
0.870819999995043
0.631043999996416
0.565127999994729
0.433528000003917
0.218109999997325
0.809440000000403
0.619066000005912
0.565222000003767
0.744472000002239
0.688429999996570
0.413661999995338
0.464712000002998
0.407586000002844
0.246885999992883
0.473902000004530
0.541723999997179
0.652187999993965
0.407146000002844
0.490769999995034
0.398306000001312
0.114961999993033
0.676206000000553
0.670799999993506
0.695321999994579
0.724368000004690
0.652023999999480
0.658995999997489
0.475522000004530
0.589016000001316
0.342363999995643
0.167720000004217
0.916585999993666
0.857305999999025
0.315396000003607
0.458000000004990
0.961139999994279
0.695901999994579
0.550940000004226
0.563992000003767
0.616246000005912
0.825351999999944
0.493567999998557
0.589869999995802
0.248990000001921
0.847705999997493
0.778896000001321
0.515886000005144
0.495091999993043
0.334231999997634
0.320494000007131
0.957165999999794
0.690209999996570
0.499149999996566
0.552063999998711
0.251033999996406
0.392514000003303
0.545532000000703
0.761814000001780
0.648660000004994
0.859629999993511
0.146546000006667
0.861604000002549
0.381084000001771
0.649530000004994
0.564682000003767
0.371617999994725
0.409469999997329
0.332698000003148
0.913733999995657
0.132054000007126
0.726785999993661
0.520339999999630
0.564662000003767
0.887591999994584
0.239160000000389
0.866882000006072
0.373582000003762
0.396192000006826
0.538750000002694
0.402697999999321
0.790999999997339
0.446121999999934
0.468015999997484
0.597676000002848
0.390114000003303
0.561504000000244
0.421583999993347
0.498459999996566
0.758555999998257
0.692274000005608
0.301184000004067
0.625168000003921
0.640983999997948
0.643748000006985
0.487829999995034
0.384537999996257
0.095812000004521
0.538590000002694
0.684507999998562
0.664562000004535
0.693598000000094
0.382427999996257
0.552997999993197
0.867616000000557
0.280914000001003
0.340783999995643
0.522053999994115
0.899666000005154
0.380139999992733
0.116011999993033
0.606496000004380
0.307316000002075
0.528066000006676
0.645032000001471
0.303487999998552
0.783374000004844
0.721793999995652
0.656885999997489
0.606431999995343
0.502624000005603
0.663837999995498
0.441938000005449
0.799749999998871
0.628580000001930
0.669589999993506
0.443438000005449
0.791459999997339
0.158300000002685
0.510569999998098
0.877441999993052
0.627115999992893
0.861044000002549
0.557085999996720
0.393147999997789
0.175205999996711
0.622398000003921
0.702548000001626
0.395732000006826
0.656265999997489
0.652403999999480
0.587516000001316
0.555915999996720
0.503518000000089
0.608826000004380
0.011827999997779
0.547970000004226
0.567545999998252
0.428066000005908
0.687776000002085
0.524381999997639
0.654772000003003
0.871709999995043
0.412374000006367
0.243941999998398
0.393887999997789
0.690974000005608
0.134551999996097
0.570044000001776
0.606801999995343
0.805281999996880
0.242478000003912
0.446401999999934
0.494057999998557
0.748680000005763
0.343508000004680
0.694008000000094
0.556535999996720
0.464797999993961
0.908876000006685
0.841350000004999
0.468900000006522
0.089124000000998
0.384602000005294
0.509249999998098
0.217666000002839
0.655362000003003
0.383697999996257
0.649760000004994
0.330503999994111
0.911833999995657
0.418396000004376
0.670184000002544
0.750630000005763
0.389934000003303
0.490939999995034
0.907701999997648
0.087685999997475
0.374737999994725
0.937735999996730
0.395996000001312
0.761099999992743
0.295332000006058
0.814881999998412
0.651293999999480
0.910630000001171
0.682677999998562
0.413588000000853
0.788349999997339
0.426776000005908
0.628590000001930
0.729280000002699
0.518306000005144
0.590519999995802
0.603618000000857
0.828750000003467
0.283672000004526
0.331663999994111
0.917491999999180
0.404111999993806
0.594597999999325
0.419799999998861
0.596371999993811
0.337686000006672
0.786486000002853
0.723888000004690
0.909850000001171
0.426021999996870
0.568385999998252
0.568265999998252
0.750400000005763
0.509679999998098
0.268760000004985
0.595781999993811
0.588596000001316
0.428840000000393
0.604991999995343
0.737525999995193
0.572994000001776
0.700834000007140
0.444268000005449
0.549380000004226
0.475792000004530
0.693958000000094
0.551433999998712
0.714161999997643
0.431898000003917
0.652297999993966
0.466845999997484
0.750470000005763
0.613808000002389
0.704728000001626
0.976251999993820
0.597816000002848
0.320124000007131
0.620090000000398
0.793584000006376
0.729250000002698
0.464922000002998
0.715681999997643
0.639870000003462
0.570469999992738
0.744352000002239
0.636725999994425
0.235566000005903
0.249463999996407
0.548715999995188
0.335871999997634
0.330569999999625
0.742873999998716
0.607966000004381
0.225831999995334
0.387005999999780
0.567949999992738
0.151263999995638
0.751794000000248
0.435991999998402
0.299834000004067
0.697226000003617
0.223191999995334
0.532038000004685
0.662004000001012
0.203572000006821
0.767432000005303
0.483567999997025
0.327266000005140
0.504168000000089
0.418366000004376
0.303701999993038
0.621183999994884
0.213761999993802
0.284467999995488
0.768865999999789
0.456772000001466
0.885841999994584
0.558305999996720
0.686481999993047
0.420789999998861
0.694981999994579
0.815921999998412
0.119444000005594
0.518299999999630
0.732903999997184
0.338360000001157
0.432753999994879
0.492984000004071
0.608399999998866
0.618096000005912
0.648245999995957
0.314388000000084
0.811253999994888
0.361927999993192
0.341463999995643
0.756822000003771
0.542483999997179
0.361623999998707
0.578015999999784
0.710509999999634
0.538055999993656
0.524918000003153
0.588349999995802
0.529080000001162
0.428850000000393
0.213067999999316
0.302607999998552
0.732263999997184
0.571664000001776
0.438260000001925
0.276685999997479
0.591274000004840
0.659075999997489
0.504571999994575
0.416056000004376
0.608739999998866
0.610359999998866
0.590074000004840
0.658735999997489
0.630870000001930
0.528960000001162
0.199664000003298
0.688179999996570
0.793918000000862
0.412978000000853
0.660944000001012
0.753144000000248
0.824751999999944
0.480764000002539
0.885551999994584
0.722743999995652
0.603768000000857
0.847612000003008
0.708459999999634
0.584962000006831
0.221224000006362
0.710423999994120
0.820813999996420
0.863004000002549
0.363907999993193
0.373877999994725
0.872707999998566
0.692874000005608
0.685287999998562
0.262378000006976
0.260183999997939
0.580499999994270
0.673217999997030
0.725448000004690
0.314538000000084
0.058953999996402
0.353558000006212
0.604531999995343
0.694048000000094
0.416661999995338
0.814038000003926
0.799086000004385
0.606061999995343
0.362217999993192
0.136061999996097
0.785207999999330
0.721110000001166
0.120694000005594
0.385945999999780
0.894531999996116
0.560810000005758
0.090314000000998
0.676702000006067
0.656882000003003
0.524898000003153
0.416531999995338
0.470040000006522
0.468125999997484
0.697396000003617
0.656335999997489
0.351953999997175
0.435171999998402
0.755122000003771
0.773587999997798
0.685011999993047
0.742733999998716
0.515241999996107
0.562147999994729
0.618546000005913
0.510859999998098
0.656055999997489
0.578339999994270
0.400074000004835
0.383612000005294
0.545925999995188
0.615721999996875
0.738550000004231
0.576595999999784
0.738965999995193
0.623053999994884
0.895758000001630
0.363677999993193
0.443328000005449
0.512004000007135
0.295816000000543
0.668775999999021
0.823193999996421
0.626665999992893
0.601484000006372
0.658905999997489
0.580039999994270
0.534398000004685
0.739540000004230
0.326001999996102
0.202477999997784
0.800839999998871
0.250293999996407
0.592214000004840
0.466885999997484
0.723423999995652
0.751144000000248
0.830030000003467
0.486932000006062
0.353988000006212
0.572267999996261
0.453762000001466
0.542073999997180
0.712718000003158
0.482914000002539
0.495441999993043
0.668419999993506
0.473607999995493
0.522348000003153
0.715491999997643
0.549770000004226
0.640820000003462
0.593247999999325
0.142848000003144
0.283912000004526
0.838415999995961
0.635381999999939
0.526681999997639
0.634938000005453
0.285555999999011
0.891759999998107
0.867366000000557
0.643358000006985
0.678779999995038
0.670994000002544
0.474797999995493
0.500144000005603
0.173862000002225
0.489699999995034
0.580504000003308
0.802323999993356
0.573707999996261
0.681874000004076
0.673307999997030
0.310624000005599
0.181127999994720
0.455042000001466
0.228929999998857
0.614421999996875
0.649770000004994
0.742967999993202
0.435905999992888
0.648850000004994
0.277890000006517
0.692744000005608
0.498229999996566
0.434058000003917
0.665902000004535
0.775882000006835
0.499934000005603
0.806371999996880
0.357285999995184
0.574312000005299
0.575092000005299
0.010284000003294
0.860219999993511
0.076345999995943
0.323941999996102
0.579849999994270
0.859165999999025
0.402004000004835
0.354188000006212
0.685581999993047
0.367635999996716
0.518119999999630
0.453922000001466
0.609219999998866
0.360843999998707
0.742813999998716
0.625461999998407
0.322304000007131
0.460713999999475
0.730853999997184
0.868909999995043
0.253691999999930
0.685451999993047
0.832618000006990
0.909210000001171
0.418476000004376
0.797561999995348
0.225486000004371
0.752847999994734
0.652773999999480
0.697346000003617
0.753314000000248
0.341578000004680
0.174012000002225
0.658260000006526
0.886511999994584
0.429280000000393
0.348020000002689
0.642878000006985
0.863107999997034
0.472304000001007
0.820290000001935
0.580419999994270
0.675287999997030
0.702404000007140
0.487186000000548
0.584842000006831
0.524858000003153
0.615986000005913
0.574577999996261
0.716276000006681
0.604028000000857
0.447085999994420
0.545092000000703
0.835008000006990
0.767705999999789
0.550440000004226
0.432968000003917
0.931673999998721
0.592417999999325
0.559600000005758
0.710363999994120
0.432038000003917
0.716216000006681
0.702694000007140
0.323581999996102
0.577835999999784
0.892768000001630
0.666162000004535
0.464157999993961
0.739950000004231
0.526821999997639
0.911580000001171
0.892454000007145
0.337660000001157
0.276012000002994
0.881244000005613
0.636771999999939
0.751420000005763
0.432338000003917
0.268610000004985
0.458515999995952
0.734912000000707
0.728075999993661
0.605321999995343
0.101044000002530
0.622228000003921
0.714278000003158
0.246955999992883
0.329579999999625
0.926292000000712
0.297619999995029
0.634908000005453
0.594961999993811
0.823533999996420
0.689659999996570
0.605691999995343
0.383137999996257
0.609409999998866
0.888576000003621
0.674367999997030
0.552223999998712
0.630443999996416
0.376865999998248
0.561614000000244
0.846212000003008
0.490574000004071
0.658785999997489
0.546545999995188
0.823468000005458
0.484872000006062
0.210814000004830
0.661294000001012
0.717816000006681
0.727241999999175
0.655912000003003
0.446811999999934
0.541968000006217
0.359120000004221
0.520789999999630
0.559440000005758
0.288839999993497
0.468925999997484
0.261953999997939
0.984408000000867
0.768609999994275
0.278900000006517
0.600929999997334
0.532323999995648
0.668695999999021
0.533188000004685
0.489589999995034
0.376615999998248
0.585077999997793
0.686366000002085
0.435771999998402
0.769879999994275
0.441688000005449
0.812023999994888
0.914708000004694
0.419849999998861
0.438190000001925
0.905178000003162
0.730643999997184
0.516186000005144
0.551983999998712
0.610399999998866
0.784457999999330
0.681734000004076
0.959389999994279
0.628725999992893
0.224448000000848
0.819250000001935
0.858909999993511
0.229449999998857
0.396072000006826
0.803068000002394
0.978146000002858
0.839135999995961
0.635481999999939
0.675602000006067
0.513948000001621
0.390259999994265
0.329669999999625
0.644418000006985
0.907411999997648
0.432393999994879
0.341858000004680
0.568279999992738
0.327699999999625
0.848095999997493
0.252778000005444
0.839020000004999
0.516236000005144
0.821023999996421
0.332603999994111
0.815601999998412
0.614538000002389
0.582244000003308
0.607226000004380
0.490699999995034
0.460723999999475
0.406556000002844
0.512118000001621
0.120119999996556
0.842083999999484
0.620113999994884
0.839245999995961
0.143891999997629
0.767042000005303
0.830420000003467
0.736462000000707
0.335656000006672
0.747215999996725
0.597576000002848
0.683067999998562
0.765952000005303
0.715251999997643
0.052338000003907
0.752914000000248
0.494631999993043
0.909680000001171
0.370934000000239
0.582974000003308
0.496091999993043
0.453248000006981
0.897491999996116
0.396806000001312
0.346555999993652
0.706921999996111
0.557175999996720
0.552473999998711
0.545812000000703
0.681329999995038
0.247425999992883
0.697361999994579
0.185635999998243
0.759225999998257
0.863684000002549
0.822053999996420
0.673477999997030
0.683187999998562
0.298496000000543
0.548235999995188
0.329279999999625
0.733518000006222
0.566252000003767
0.957185999999794
0.370260000005753
0.494117999998557
0.096215999999007
0.704781999996111
0.895481999996116
0.732973999997184
0.920593999997189
0.482487999997025
0.362183999998707
0.637231999999939
0.536431999999171
0.670814000002544
0.760689999992743
0.318309999998093
0.739055999995193
0.695611999994579
0.615581999996875
0.743357999993202
0.536375999993656
0.714988000003158
0.657172000003003
0.868989999995043
0.607061999995343
0.573957999996261
0.649275999995957
0.541143999997179
0.248880000001921
0.552487999993197
0.567265999998252
0.704691999996111
0.657105999997489
0.519739999999630
0.635281999999939
0.723323999995652
0.952784000001785
0.875311999993052
0.343471999999166
0.321958000001616
0.883708000000098
0.347570000002689
0.471464000001007
0.498656000002080
0.316206000003607
0.630750000001930
0.865057999997034
0.493911999993043
0.467875999997484
0.226426000004371
0.811550000000403
0.782437999999330
0.441473999996411
0.705681999996111
0.252313999996406
0.175002000002225
0.538705999993656
0.592054000004840
0.319779999998093
0.500014000005603
0.749370000005763
0.362067999993193
0.573847999996261
0.612958000002389
0.341373999995643
0.855752000004540
0.554792000002235
0.515101999996107
0.281724000001003
0.831923999997953
0.548395999995188
0.206486000001307
0.480444000002539
0.066535999994411
0.480974000002539
0.378675999998248
0.454122000001466
0.632328000005453
0.239893999994874
0.650030000004994
0.550700000004226
0.630403999996416
0.072013999997934
0.610653999993352
0.255565999994415
0.529923999995647
0.917225999993666
0.491777999998557
0.249943999996406
0.435211999998402
0.857522000004540
0.492614000004071
0.822788000005458
0.578879999994270
0.090754000000998
0.668109999993506
0.629190000001930
0.885298000000098
0.646685999995957
0.406691999993806
0.016896000001302
0.642713999997948
0.721613999995652
0.155445999993647
0.876981999993052
0.510804000007135
0.400834000004835
0.361073999998707
0.746992000002239
0.759409999992743
0.422258000002385
0.610879999998866
0.070998000006971
0.271683999999471
0.260010000003453
0.337036000006672
0.655712000003003
0.244221999998398
0.607046000004380
0.712703999994120
0.516641999996107
0.627835999992893
0.424831999996870
0.702814000007140
0.480829999993502
0.730340000002698
0.460563999999475
0.907781999997648
0.280360000006517
0.522253999994115
0.582827999997793
0.714201999997643
0.793204000006376
0.628635999992893
0.609019999998866
0.302617999998552
0.844587999993970
0.535891999999171
0.580204000003308
0.827105999994429
0.803058000002394
0.801843999993356
0.341063999995643
0.442818000005449
0.456355999995952
0.654517999993966
0.693858000000094
0.457770000004990
0.556035999996720
0.493357999998557
0.597356000002848
0.534088000004685
0.881514000005613
0.708746000005149
0.895641999996116
0.454942000001466
0.697676000003617
0.811160000000403
0.434301999998402
0.755682000003771
0.379874000001771
0.713498000003158
0.941224000000253
0.829850000003467
0.483107999997025
0.751534000000248
0.727115999993661
0.764847999996266
0.117339999996556
0.656485999997489
0.343098000004680
0.537135999993656
0.453768000006981
0.798886000004385
0.727235999993661
0.581069999994270
0.428786000005908
0.061628000005439
0.286735999999011
0.441133999996411
0.539400000002694
0.639170000003462
0.295616000000543
0.365795999996716
0.659520000006526
0.603898000000857
0.379449999992733
0.553927999993197
0.253818000005444
0.351478000006212
0.380594000001771
0.337620000001157
0.282017999995488
0.840380000004999
0.521988000003153
0.321514000007131
0.658655999997489
0.724431999999175
0.794468000000862
0.372787999994725
0.554447999993197
0.310549999996561
0.686696000002085
0.504438000000089
0.527810000001162
0.530353999995647
0.687316000002085
0.458190000004990
0.388739999994265
0.447965999994420
0.755732000003771
0.733213999997184
0.934732000002244
0.598269999997334
0.885781999994584
0.450290000003458
0.169450000004217
0.452583999997943
0.747645999996725
0.038983999993338
0.826111999999944
0.596301999993811
0.852817999995502
0.487919999995034
0.449823999997943
0.441663999996411
0.689999999996570
0.527496000006676
0.518976000005144
0.558555999996720
0.719100000001166
0.714758000003158
0.993663999993361
0.500489999996566
0.349853999997175
0.772694000003312
0.998896000005922
0.671309999993506
0.163898000006208
0.520699999999630
0.120179999996556
0.414341999995338
0.198385999999775
0.050998000003907
0.022327999999311
0.501294000005603
0.420619999998861
0.606456000004380
0.165325999995179
0.774672000006835
0.096965999999007
0.413698000000853
0.418236000004376
0.460013999999475
0.699819999998102
0.482147999997025
0.057925999992879
0.791244000006376
0.410409999997329
0.394972000006826
0.737765999995193
0.506176000003612
0.868136000000557
0.584062000006831
0.762627999996266
0.578815999999784
0.228076000004371
0.498696000002080
0.443218000005449
0.393812000006826
0.435351999998402
0.840430000004999
0.987461999995352
0.212307999999316
0.494857999998557
0.655267999993965
0.838510000004999
0.820690000001935
0.720800000001167
0.382654000001771
0.324468000001616
0.542388000006217
0.611423999993352
0.290439999993497
0.691014000005608
0.530300000001162
0.557860000005758
0.591524000004840
0.702354000007140
0.173917999993188
0.858435999999025
0.588899999995802
0.558770000005758
0.601109999997334
0.446195999994420
0.111374000004062
0.684107999998562
0.211794000004830
0.477235999999016
0.289259999993497
0.340240000001157
0.382214000001771
0.621893999994884
0.560754000000244
0.136736000005135
0.457990000004990
0.925048000006226
0.885691999994584
0.649540000004994
0.443358000005449
0.647975999995957
0.229019999998857
0.464502000002998
0.864047999997034
0.706401999996111
0.773454000003312
0.433701999998402
0.366112000002230
0.553617999993197
0.728875999993661
0.649920000004994
0.694681999994579
0.300389999995029
0.717766000006681
0.634938000005453
0.516491999996107
0.473707999995493
0.412644000006367
0.778599999995807
0.225631999995334
0.625391999998407
0.615821999996875
0.770409999994275
0.395766000001312
0.564267999994729
0.410624000006367
0.540133999997179
0.437720000001926
0.550753999998712
0.635081999999939
0.628030000001930
0.488279999995034
0.617286000005912
0.472184000001007
0.294792000006058
0.631170000001930
0.441653999996411
0.458360000004990
0.592214000004840
0.578635999999784
0.589899999995802
0.578979999994270
0.445111999999934
0.505351999994575
0.673757999997030
0.841330000004999
0.801383999993356
0.956912000005308
0.984958000000867
0.734982000000707
0.961059999994279
0.272537999993956
0.730760000002698
0.834702000001476
0.324151999996102
0.526346000006676
0.209824000004830
0.836762000001476
0.315726000003607
0.648650000004994
0.939705999996730
0.783997999999330
0.685521999993047
0.460873999999475
0.732873999997184
0.799326000004385
0.521283999994115
0.411738000000853
0.571977999996261
0.830700000003467
0.557195999996720
0.695288000000094
0.957175999999794
0.636371999999939
0.774307999997798
0.900559999999639
0.228799999998857
0.530740000001162
0.529963999995647
0.716296000006681
0.674437999997030
0.644308000006985
0.470414000001007
0.370390000005753
0.530003999995648
0.671099999993506
0.477265999999016
0.506951999994575
0.778606000001321
0.616941999996875
0.523828000003153
0.592297999999325
0.339540000001157
0.499954000005603
0.498906000002080
0.863637999997034
0.899566000005154
0.833113999997952
0.712533999994120
0.387645999999780
0.285925999999011
0.506851999994575
0.656622000003003
0.692744000005608
0.658235999997489
0.576525999999784
0.783174000004844
0.781089999995807
0.272997999993956
0.422888000002385
0.876756000002089
0.708936000005149
0.499569999996566
0.442553999996411
0.658505999997489
0.897591999996116
0.596906000002848
0.939700000005767
0.418076000004376
0.416391999995338
0.922083999997189
0.837162000001476
0.348110000002689
0.660860000006526
0.322014000007131
0.525811999997639
0.591134000004840
0.522623999994115
0.432678000003917
0.386242000005294
0.283892000004526
0.432218000003917
0.476562000004530
0.332553999994111
0.314468000000084
0.795791999995348
0.798649999998871
0.260733999997939
0.535591999999171
0.084137999993952
0.343948000004680
0.857012000004540
0.618976000005912
0.525791999997639
0.591704000004840
0.767262000005303
0.330649999999625
0.518036000005144
0.642068000006985
0.504001999994575
0.354588000006212
0.656252000003003
0.943217999994739
0.246411999998398
0.703134000007140
0.372624000000239
0.596936000002848
0.665072000004535
0.614868000002389
0.590334000004840
0.564232000003767
0.289799999993497
0.845272000003008
0.722063999995652
0.160303999997170
0.029654000006358
0.525481999997639
0.180774000000234
0.542813999997179
0.692384000005608
0.368880000005753
0.779339999995807
0.358345999995184
0.462733999999475
0.100744000002530
0.731193999997184
0.256965999994415
0.707226000005149
0.598399999997334
0.310049999996561
0.682907999998562
0.110364000004062
0.799769999998871
0.672604000002544
0.886806000003621
0.668889999993506
0.927585999995198
0.767795999999789
0.585762000006831
0.476232000004530
0.526656000006676
0.584757999997793
0.698976000003617
0.446671999999934
0.370420000005753
0.556645999996720
0.495271999993043
0.426391999996870
0.620010000000398
0.618320000000398
0.682397999998562
0.473707999995493
0.402304000004835
0.455742000001466
0.585956000001316
0.905381999997648
0.503328000000089
0.460993999999475
0.544548000006217
0.261948000006976
0.272163999999471
0.323028000001616
0.423278000002385
0.524261999997639
0.648270000004994
0.928640000004235
0.546772000000703
0.846835999997493
0.390974000003303
0.711179999999634
0.677666000000553
0.347960000002689
0.578345999999784
0.308449999996561
0.700399999998102
0.313921999994570
0.523528000003153
0.678439999995038
0.346855999993652
0.767125999999789
0.340300000001157
0.504478000000089
0.554132000002235
0.481104000002539
0.355402000000698
0.777086000001321
0.257935999994415
0.726211999999175
0.508076000003612
0.234188000002380
0.639040000003462
0.460113999999475
0.563157999994729
0.148340000001153
0.478525999999016
0.685721999993047
0.422358000002385
0.650510000004994
0.608656000004380
0.529590000001162
0.486612000006062
0.639240000003462
0.375002000003762
0.472007999995493
0.694431999994579
0.618780000000398
0.670634000002544
0.462293999999475
0.604271999995343
0.409459999997329
0.656195999997489
0.086515999997475
0.354822000000698
0.756882000003771
0.248095999992883
0.656772000003003
0.294587999997020
0.484747999997025
0.374962000003762
0.396906000001312
0.363857999993193
0.540773999997179
0.172107999993188
0.600564000006372
0.933817999993206
0.764507999996266
0.542473999997179
0.554612000002235
0.261893999997938
0.444428000005449
0.774207999997798
0.478885999999016
0.696421999994579
0.647225999995957
0.675432000006067
0.622383999994884
0.579669999994270
0.656802000003003
0.428890000000393
0.367645999996716
0.281407999995488
0.547775999995188
0.631913999996416
0.638200000003462
0.366282000002230
0.708206000005149
0.442613999996411
0.642088000006985
0.638825999994425
0.438845999992888
0.756102000003771
0.449420000003458
0.537595999993656
0.575632000005299
0.640200000003462
0.408636000002844
0.436861999998402
0.307449999996561
0.609219999998866
0.726251999999175
0.748710000005763
0.277495999997479
0.493037999998557
0.474842000004530
0.350873999997175
0.558935999996720
0.427986000005908
0.303637999998552
0.718936000006681
0.614738000002389
0.699286000003617
0.570124000001776
0.061738000005439
0.291154000002535
0.420299999998861
0.158245999993647
0.394582000006826
0.595251999993811
0.584502000006831
0.359750000004221
0.763877999996266
0.616686000005912
0.434651999998402
0.551103999998712
0.443738000005449
0.688489999996570
0.776652000006835
0.557375999996720
0.661170000006526
0.882474000005613
0.377899999992733
0.390994000003303
0.736665999995193
0.628200000001930
0.697351999994579
0.612398000002389
0.235756000005903
0.447755999994420
0.633078000005453
0.640473999997948
0.839230000004999
0.272927999993956
0.693284000005608
0.580709999994270
0.714951999997643
0.573207999996261
0.517979999999630
0.231693999993342
0.783727999999330
0.245671999998398
0.590364000004840
0.694351999994579
0.471994000001007
0.653023999999480
0.583087999997793
0.654767999993966
0.547960000004226
0.275375999997479
0.653077999993966
0.691234000005608
0.747625999996725
0.792558000000862
0.515926000005144
0.847552000003008
0.746725999996725
0.925842000000712
0.934407999993206
0.656935999997489
0.388969999994265
0.770009999994275
0.754227999994734
0.473937999995493
0.791964000006376
0.531563999995648
0.545068000006217
0.086035999997475
0.478595999999016
0.545602000000703
0.431808000003917
0.208539999995793
0.276335999997479
0.672564000002544
0.658495999997489
0.336131999997634
0.414228000000853
0.530630000001162
0.795108000000862
0.462537999993961
0.251948000005444
0.291754000002535
0.562454000000244
0.189229999992729
0.910893999995657
0.868466000000557
0.662324000001012
0.526751999997639
0.327589999999625
0.751854000000248
0.676782000006067
0.718860000001166
0.206236000001307
0.389934000003303
0.593457999999325
0.968256000001326
0.201924000003298
0.480304000002539
0.634431999999939
0.414741999995338
0.407656000002844
0.422513999993347
0.662417999995498
0.763837999996266
0.557795999996720
0.421748000002385
0.693698000000094
0.786936000002853
0.361493999998707
0.476905999999016
0.390954000003303
0.563777999994729
0.732778000006222
0.710983999994120
0.426841999996870
0.869586000000557
0.786866000002853
0.689006000002085
0.938880000005767
0.764127999996266
0.622758000003921
0.407996000002844
0.874531999993052
0.602914000006372
0.476965999999016
0.351053999997175
0.821433999996420
0.714711999997643
0.475845999999016
0.305926000002075
0.520979999999630
0.245975999992883
0.541263999997179
0.723073999995652
0.741420000004231
0.715248000003158
0.232478000002380
0.377885999998248
0.232198000002380
0.710909999999634
0.384952000005294
0.478449999993502
0.015686000001302
0.604501999995343
0.737585999995193
0.600044000006372
0.574742000005299
0.542928000006217
0.689129999996570
0.403761999993806
0.796781999995348
0.700459999998102
0.539630000002694
0.828410000003467
0.442363999996411
0.336071999997634
0.584117999997793
0.776836000001321
0.592137999999325
0.494597999998557
0.384612000005294
0.540250000002694
0.599979999997334
0.666602000004535
0.512124000007135
0.400944000004835
0.544938000006217
0.661124000001012
0.488769999995034
0.477015999999016
0.556092000002235
0.390759999994265
0.926865999995198
0.798726000004385
0.211257999999316
0.584897999997793
0.713243999994120
0.554082000002235
0.282737999995488
0.288549999993497
0.415901999995338
0.304037999998552
0.470040000006522
0.385442000005294
0.567125999998252
0.810390000000403
0.777986000001321
0.390389999994265
0.496191999993043
0.865102000006072
0.620333999994884
0.228019999998857
0.607486000004380
0.618006000005913
0.373657999994725
0.797406000004385
