0.014425993038458
0.462168963793374
0.264446459048486
0.599580350470205
0.480505186620576
0.421546024030249
0.359520199963299
0.675351393110759
0.610375962824037
0.558046208949236
0.251980219145480
0.640524281487160
0.536942495957192
0.439776007267938
0.337246301663981
0.075418344749778
0.188810083149292
0.363144781229494
0.242674283224915
0.249129083873413
0.884412411789526
0.403222419998201
0.212055698466429
0.038621198735200
0.063152274778986
0.376573636320245
0.444163679479971
0.464052170202194
0.489004071998352
0.491763710728264
0.249245673046971
0.510817746231623
0.414554508206493
0.359988895819697
0.149653940148710
0.492028760774701
0.581496052123839
0.595023056623177
0.441312431205006
0.336694127276132
0.656002769996121
0.546201341654523
0.764133574681182
0.711453346841154
0.456163879884116
0.229267188980884
0.417268947720004
0.291723442082002
0.643441127038386
0.275254765445425
0.579024240585568
0.627346436442167
0.949071430397453
0.991285598545801
0.493977658181393
0.380161585118913
0.310099257760157
0.335433191743505
0.624412360310089
0.095267555407190
0.376077190587239
0.189954768349708
0.518442429740389
0.148471764950955
0.062936888898548
0.701962211198406
0.315607897522568
0.313933269346307
0.481965940933151
0.526096058390976
0.622317210363690
0.546093384495180
0.422763853646757
0.272485130124551
0.556287409002834
0.418802239226352
0.416278544107627
0.749992918012140
0.556717753679550
0.203424567305774
0.487616457052354
0.378386415490240
0.551113392582920
0.492683590309753
0.464354693314817
0.362347998270707
0.244147546422028
0.285275525362522
0.398249049241713
0.595219340342737
0.440640245731629
0.893217294578790
0.561077332247805
0.358309402341547
0.250199584472284
0.507760903514281
0.434538869893004
0.158463905441749
0.530897270124115
0.437663424345374
