5000
0.930946789521840
0.573100705987599
0.645648267607612
0.569388448806421
0.579149767145282
0.163666862150421
0.404908004733443
0.406843178709096
0.664671250204265
0.450223270461720
0.668922855322307
0.395358862420835
0.570119656193128
0.752243577015179
0.529178674980358
0.729383149817295
0.760027303585957
0.763266303321871
0.580609609132807
0.633700417085493
0.709526009894034
0.868565482880513
0.421911881472624
0.873870169503789
0.445319669095625
0.494457554705150
0.472904323898547
0.431893624867371
0.407885297034227
0.552650344376161
0.625852803474118
0.378700060951815
0.906626515854441
0.554889928309422
0.580523739605269
0.721813928343181
0.324604799629014
0.296809246305202
0.856954252376454
0.095180293450539
0.583017835138889
0.287974934886734
0.556884057376010
0.384899005781335
0.341177501126367
0.762710816226900
0.656936372215569
0.443928501343180
0.621597084165842
0.680805112693633
0.163769470898842
0.883186453145754
0.426601585953904
0.303727026395791
0.410735456920520
0.887425203625753
0.774911344757129
0.685575204966881
0.634502544060524
0.568923113118217
0.492375794718100
0.759433269930014
0.661263124893594
0.603337301618012
0.414671756821917
0.705281094669772
0.685003078229784
0.478206225008762
0.238931361651339
0.698121438072121
0.701019495580113
0.180340097707813
0.590954964405682
0.532454800923006
0.513896775672038
0.478141505489475
0.651256463628670
0.637992658703297
0.824488004225714
0.725338507305423
0.600357872281165
0.778978602560528
0.265162886782491
0.619503949892533
0.394656777738419
0.233912363830314
0.783875342887768
0.526267112007190
0.287225518222840
0.620899772409757
0.348990718521236
0.105254513102409
0.849507562008512
0.715920614493371
0.560827163477370
0.418631437096337
0.625963322869211
0.535221943551733
0.336526073289861
0.686875625680841
0.296556727793359
0.641072962120234
0.720245020529546
0.449752049309609
0.041322888006107
0.690787841012934
0.599432996437827
0.684415308794996
0.946382538015314
0.451615670310275
0.021291359182214
0.838378642933094
0.747626685762953
0.379128089429287
0.288394608207454
0.538321832318616
0.288514514868439
0.605902012168372
0.844850016983401
0.227170722348092
0.395167395290628
0.698821604222758
0.292153904047154
0.803261208951881
0.254966384840372
0.950549787725322
0.328320322296349
0.429396257466578
0.544701907718263
0.444827319988690
0.745734704214556
0.380326381935447
0.516054170780990
0.660896653520467
0.649647888123582
0.404376383958152
0.961503166450711
0.096794591045182
0.938983327498136
0.407608816669381
0.570458508394950
0.381652120522631
0.459909454875742
0.759741585199663
0.413841834517370
0.499425670735945
0.610752405722451
0.473636562463071
0.644012594020751
0.616308644712262
0.758775894842984
0.862769513703824
0.385880452398851
0.592096187428979
0.579184175039700
0.116175150680647
0.424469362413220
0.482157719634415
0.444656116429542
0.853022693096136
0.297341403645987
0.726406963985937
0.657491704645508
0.331985785167490
0.489623264606053
0.807527683071385
0.577038284165610
0.648277121967112
0.469806314380548
0.111146837945853
0.762952332363056
0.808189806200971
0.725512364013412
0.718463477191108
0.743541472569632
0.233471038787684
0.614795215973572
0.634518272046989
0.964720497730013
0.205967248934030
0.809545185773459
0.387416106757883
0.573944062307419
0.611600865631772
0.736203290187404
0.132830603550246
0.591253623460943
0.413118312506413
0.435695497195411
0.848812767719210
0.326230033220781
0.841188086407783
0.639265674450144
0.855837370480003
0.693070353816438
0.679658900371578
0.670218648920127
0.553715174253739
0.195662274614733
0.674454101572337
0.677723833163327
0.285804574625217
0.406226472950948
0.491855502499675
0.690429026879428
0.611120976398524
0.788309219184157
0.589891617630201
0.362501876421447
0.739866056646861
0.826739450414607
0.340339086811582
0.354454864689615
0.721471024611674
0.497733280142711
0.799691312255163
0.554567818333453
0.815977665050013
0.464435700057948
0.483887102767767
0.324171424443193
0.771185518104176
0.473442725713539
0.503786264620430
0.765665630875446
0.563145084430289
0.239345114438038
0.900810679137066
0.442815702866937
0.717214855954808
0.547018712990393
0.114866422823980
0.544939237537619
0.423275705681590
0.531103988068935
0.532288547030475
0.561766689097567
0.496192904400232
0.554207813045650
0.620693571356242
0.468666830558504
0.578630761934619
0.794395705648640
0.404759147721052
0.317496371186280
0.647190401221451
0.547660727439506
0.340293600049336
0.597431022113597
0.569245774204319
0.314530566996837
0.910828691368806
0.303619829101081
0.552554817528289
0.344736312734312
0.830842869610933
0.484838606855192
0.764683625828184
0.705746611034556
0.862695341267681
0.570690354630642
0.424810407195764
0.573171302421542
0.644908934824343
0.742267259447544
0.395975812054530
0.617597572745581
0.656444865853700
0.575905335143034
0.311666592438996
0.311743175676384
0.929817588352307
0.201368751899281
0.890926762811432
0.568455847511359
0.719359536466072
0.641308700047375
0.512514312918938
0.387096330254280
0.335996023408370
0.290931517512945
0.763483667840774
0.320274031277222
0.640208607430395
0.744336020747141
0.426004521134018
0.480839705625840
0.507406716074911
0.636122117859486
0.163974688395683
0.826262145761575
0.586195649404544
0.724491638909967
0.664142155532318
0.538768302641984
0.922706966586702
0.692348437187320
0.447246434945555
0.883973864918516
0.602447628152731
0.583713160718617
0.794713400704495
0.792754879970744
0.778437545792258
0.265951808170939
0.100444152471027
0.508381532745261
0.258372282572964
0.767157170157589
0.746169281876064
0.698804100065900
0.951239468631684
0.080791115397005
0.613997505359293
0.638527010996768
0.739322227622324
0.271039159764769
0.880434070502815
0.388354117807467
0.388929601969721
0.720037590952415
0.718650156202784
0.661678448370367
0.596941428862920
0.909561302330985
0.708208355230454
0.284122381686757
0.791922732802050
0.903233276658284
0.567575231565570
0.749852077584364
0.593679580102616
0.589625780929055
0.771006398594182
0.407119659088494
0.718370137685270
0.154501766483008
0.374368129130744
0.406758113364049
0.526987824814569
0.379106691347260
0.704728456134035
0.601881260670780
0.358805155534355
0.827344036304567
0.182637225407234
0.807348008827830
0.786617507423216
0.277598357548413
0.412820393008587
0.627636433498992
0.339815989100316
0.732813065107621
0.514630843921623
0.383660545317980
0.685642759293842
0.335097243165364
0.568186271200830
0.732672529651609
0.600503905305231
0.234625927398156
0.519841123874357
0.566636926792853
0.856629996349511
0.756859824548883
0.530329857159813
0.499924715353700
0.675502151680121
0.397549935827556
0.697858875770180
0.708009898524324
0.068082376201346
0.570654685980116
0.409480474663724
0.726173590075632
0.679974524049612
0.376085303614673
0.361133614853316
0.396443842815643
0.265808367919817
0.406120144871238
0.366075171805278
0.766635131411022
0.480084020666254
0.524611357861431
0.906067092822923
0.723128392703074
0.655636258634331
0.688384518529347
0.125398551288527
0.507450041259290
0.662477488986042
0.453115373667970
0.504979102573998
0.444570514657244
0.891189431284147
0.926348327862797
0.350958435657958
0.814443167000718
0.010082426044391
0.786926702923665
0.526606270977936
0.632000932666415
0.809545185773459
0.674257727987424
0.605499483899621
0.231518140404660
0.801486051401298
0.325967181481246
0.663757359405281
0.231122751953080
0.644924660104152
0.431167715527408
0.792180985379673
0.760717789678893
0.509529194758215
0.363607550883899
0.294827050594904
0.609486445559014
0.830810596897209
0.442837095826690
0.635949192997941
0.451165770253283
0.420058436815452
0.781026476885017
0.498579471786798
0.653768509604561
0.707450611451350
0.762420996870787
0.722785488957015
0.843350619696139
0.548360394146584
0.738160256434639
0.729265232635953
0.620281169241935
0.222507479978958
0.287345424891100
0.067423301195959
0.596434439263248
0.552745871238585
0.670283524195838
0.715828168678854
0.686504076897108
0.634974383465305
0.359327648875478
0.598880202880537
0.053407111816341
0.414182315456856
0.516593069616647
0.338724306937365
0.790580785593193
0.824077094614040
0.789868184852821
0.693950350563682
0.563199822187016
0.757068229191646
0.591303186047298
0.071016622423485
0.844815874748747
0.474304222392675
0.588124112116930
0.269654631796584
0.338381246219797
0.410331310085894
0.710850763389317
0.908626625903707
0.555003614186717
0.504718847012555
0.434776710608276
0.301704302612052
0.865494345714978
0.642786238495319
0.627699509910599
0.517691208202450
0.644547253446945
0.104615385665966
0.381652120522631
0.662829066866834
0.443115284484520
0.466518329711107
0.342646675235301
0.296528372426110
0.920555522483482
0.935738019463315
0.629244882242347
0.874146648769965
0.474002698560071
0.356119050011330
0.111835114767018
0.586010607941716
0.597317041603674
0.683156964201771
0.556338975911785
0.294341926863126
0.766336823558959
0.978534095367650
0.375312724885589
0.725300013284141
0.260888500495639
0.686757405615936
0.324724609592522
0.607061293565494
0.552516606774589
0.867497443112370
0.540763105680526
0.380989481585857
0.415203860487964
0.693621795806393
0.870330342389934
0.755563084552705
0.390804206566827
0.521749874133093
0.454893860318407
0.621882112078310
0.384877669981506
0.507948280886922
0.156608312412573
0.121099335105100
0.846254677882825
0.637128226102504
0.703890584809415
0.793070521998743
0.977648861837224
0.661662467558926
0.481444642333372
0.105893640538852
0.679874853412912
0.655018508507055
0.525864360744890
0.674634110699117
0.403355680602544
0.684969491405354
0.722861689791898
0.352192010504950
0.814841604973481
0.479069243738195
0.601816532951489
0.533800033510488
0.285469582377118
0.605918113295047
0.355484319297830
0.709272804822831
0.734896372094227
0.679145048918144
0.596450793767872
0.826230325452343
0.943908483175619
0.447160780437116
0.841221659698931
0.785942899055954
0.684919111175986
0.745194991737662
0.871296235382033
0.639187093234796
0.717381258429668
0.961503166450711
0.349499511510658
0.313697187135404
0.177824295496976
0.649931754385761
0.536613350654079
0.757742876834527
0.804301190488331
0.983684938299120
0.636672333297611
0.883723527549591
0.572711355758656
0.419802842363424
0.158075679457397
0.932899688334146
0.644122670964862
0.385133699535800
0.248826014016231
0.479112425739004
0.595338687518961
0.731608475471148
0.402377500875446
0.969502927728172
0.650783353186853
0.728813216766866
0.456844038279087
0.592228354325925
0.726231933549570
0.764267095924879
0.630977667788102
0.169739199889591
0.501421791464963
0.465208449626516
0.342736779370171
0.855229401429824
0.652630492106255
0.721471024611674
0.269341303297551
0.902989059031825
0.795812286502041
0.270833593116549
0.489558260749618
0.126881010357465
0.302465479304374
0.555022561835358
0.719453016710759
0.518487306653697
0.523588390708028
0.465015188623511
0.951584309084865
0.678103925754840
0.600244291032141
0.678583172921208
0.658985510126513
0.555869078103569
0.647158929095895
0.727243220469973
0.631292691039562
0.410458935402858
0.688911094657669
0.356622457133199
0.590240528290451
0.957677529360808
0.525906755610777
0.428222748967528
0.798316266969778
0.212904456428078
0.817828679195372
0.406821910997678
0.886619697448623
0.594172598852310
0.344084957643645
0.505651116407535
0.143707640447246
0.671679805986059
0.278412621344614
0.319760011414473
0.544187693092681
0.911624272950576
0.188918093954271
0.526563876112050
0.639092795776378
0.943057533026149
0.530853121796099
0.774779716113699
0.722156832089240
0.627794124542561
0.522884390018589
0.354542673965625
0.495325153089652
0.521278943015204
0.647316309907183
0.709471567977744
0.419312953010376
0.213119502972404
0.550158674312115
0.443436291134276
0.304397009538661
0.421869267076545
0.647347811951477
0.686656074125494
0.534810655655747
0.648639395360078
0.703623179062561
0.412394892402517
0.764414106473851
0.511757638138079
0.443307888475829
0.795754157639749
0.590805431267654
0.585118704351771
0.276423622541188
0.842165718837350
0.867270404232841
0.618709908674646
0.459909454875742
0.237040514657565
0.482287370054109
0.440590943566349
0.561858591499913
0.715569320389477
0.602771266712807
0.595207851489249
0.364647718954075
0.770878456089122
0.357190203118080
0.519433180968917
0.309045232577773
0.730514494869567
0.020754241151735
0.609919115486264
0.435823705360235
0.349123447122111
0.683090159938729
0.145324180943135
0.629339411905676
0.846977860819607
0.474067310809914
0.730792567665048
0.357059242582181
0.667485294608923
0.398996239084227
0.632299968019652
0.374840593452973
0.326849840508658
0.345540724163584
0.150681019033073
0.847356670936279
0.608234211984382
0.953704074017878
0.335304653992353
0.465294343397545
0.379342070234998
0.444912929167913
0.447267848569027
0.610015264355752
0.338335463799012
0.503005497965205
0.900283785646025
0.240685854914773
0.105661230561964
0.824203528340149
0.127434485519188
0.742479523505608
0.256287237316428
0.683357376990898
0.278510333002487
0.729898762241646
0.576532814600796
0.510178494128922
0.628346043238707
0.661662467558926
0.914063728458132
0.632724912989943
0.529074022051645
0.259824974767980
0.475704777731153
0.770213155068632
0.967224010397331
0.510005347627157
0.039030569081660
0.946056307810068
0.499338880377763
0.600390324056207
0.318805403105216
0.307143559497490
0.620423923821363
0.553317273683206
0.750898437421711
0.742691787563672
0.371036288001051
0.901241773812217
0.354827701310569
0.562851137474354
0.819752414281538
0.644059769845626
0.398889906333352
0.345674792733917
0.823919052454585
0.477904200590274
0.251888668281026
0.284951867084601
0.721338740091596
0.390165145880019
0.606674866437970
0.529764731363684
0.759932064123859
0.493091238786292
0.675979006227863
0.713055914464348
0.450051917323435
0.581124826268933
0.515450604078069
0.558825533626077
0.814780306820467
0.675452821909857
0.119367377832532
0.697038363119646
0.481466250734229
0.321102107765910
0.462633153780189
0.302411109536479
0.454572447073588
0.596336312235508
0.504306775728764
0.675337782733550
0.631418600656616
0.726970950912801
0.872111500466417
0.628566810708435
0.344713967970165
0.519197003486624
0.606159630253387
0.754374399351946
0.493806928076083
0.813983430882217
0.666133122802421
0.426964134523587
0.447888843780675
0.783707923626935
0.380946730692813
0.080726881722512
0.034668662672630
0.585135638604697
0.398379449492495
0.481552684352209
0.372649643359182
0.498037041244970
0.417311308490753
0.351134660639218
0.736962522678368
0.474864195239206
0.648119611789298
0.733375206946221
0.334171980495739
0.599351866978395
0.657602945480903
0.711322593393561
0.698103933922539
0.728577382404183
0.748000530256832
0.438452609778324
0.417460355260118
0.280176020380168
0.770213155068632
0.403419474554539
0.657523487745493
0.351993757409218
0.873673524321930
0.593252297192521
0.217316587091773
0.418141711961653
0.814780306820467
0.885437299635669
0.359327648875478
0.383340224201675
0.477364871294412
0.457122673840786
0.595960158658272
0.418567559892836
0.374303691249224
0.717048453479947
0.372499063530995
0.522755954261811
0.248060906240426
0.278927349478181
0.356469246275083
0.711796557072375
0.815700187064067
0.353752390474256
0.032248561998131
0.681553661852377
0.846426864292880
0.463727498216031
0.394103490405541
0.598929051680898
0.668002170372347
0.462976375063590
0.066764226183295
0.346813744254177
0.505759503306763
0.457058370353479
0.776824259650311
0.520592597655195
0.613534833209997
0.395295040034398
0.360416176677973
0.879699754259491
0.094701637433900
0.765124657504202
0.706822688567627
0.168235866876785
0.222444900820847
0.281661947352404
0.242410988976189
0.351222773133486
0.470924492066843
0.207215088586963
0.607190102608001
0.939644034777302
0.834812479159154
0.709092389639409
0.430847467498097
0.320641186634020
0.693293804193672
0.609181889776664
0.709399095452682
0.920614748487424
0.703872757752833
0.445148410180991
0.903919287193276
0.555511955768452
0.561509362370998
0.619440503411170
0.362349847353471
0.306065904223942
0.210562202351866
0.739342977110937
0.553866755413765
0.603740827711590
0.799135111061332
0.316655491005804
0.469376246044703
0.486504851593054
0.848152713129821
0.169138171680970
0.961703407963796
0.963972361452761
0.643415033489873
0.555248812997888
0.278895332274260
0.242157292792399
0.536940740559658
0.597235626955808
0.651524895220064
0.372692666169314
0.290902413071308
0.638857052115782
0.338974484089704
0.624509382170800
0.634581183963746
0.673668607218133
0.397868979540362
0.374883514487010
0.197313226381084
0.111949827565695
0.373594874581613
0.390761615337397
0.946219422912691
0.773256942127773
0.648182615863334
0.536040418322955
0.132063065604598
0.397039465875423
0.573171302421542
0.153337275929516
0.778221123087860
0.700138923399209
0.721737727515574
0.713751280294673
0.555173629349156
0.903819628983911
0.387458743622119
0.794886688920087
0.307509233003657
0.828046785747574
0.415799865055305
0.613295520022803
0.456822607717186
0.853801647426735
0.546940291744249
0.662173853554123
0.723185543327418
0.416204296714568
0.681386651187495
0.232195949174638
0.460445477634494
0.293423091628938
0.670899839395133
0.651461718254723
0.927679819149489
0.790837321867002
0.565042660142353
0.586447978668730
0.861473950484651
0.923797432631545
0.192827381935786
0.722042530840554
0.725030555164267
0.651524895220064
0.475295228643517
0.845362150408619
0.751702425317490
0.829104149910563
0.279823831158865
0.443329288922541
0.565115643817990
0.550987206988793
0.577713852740999
0.525779570998566
0.272917302463611
0.664943814124854
0.435503184962727
0.560216212317755
0.636703774180205
0.312863807273970
0.482892405350867
0.370648933399934
0.115435434934625
0.309535716180108
0.247094915110210
0.424874362746777
0.581449073964905
0.643493659874366
0.863325806989451
0.409693183515628
0.570726023295720
0.845703681356099
0.539938055393577
0.517777272900275
0.600033354443440
0.561343938032223
0.757068229191646
0.526839442762139
0.198175180208636
0.542461636439839
0.543317483723513
0.446796777214331
0.943444084994553
0.321587287893635
0.799779578104790
0.562024015838688
0.551905234890000
0.772582055367820
0.970691770555277
0.467442026849312
0.536163189543004
0.637866928758740
0.506865049661428
0.495780722521886
0.337282467946352
0.306647288321983
0.541883071178745
0.274700721427507
0.995216797397006
0.368040599503729
0.259583655912138
0.645333546453912
0.062936956055637
0.539475222300098
0.785103084192087
0.724453144895961
0.835862620071566
0.391102256871818
0.536858893094177
0.724164439765445
0.833405433317239
0.596679756818048
0.699084166531975
0.777358095641830
0.905165014883096
0.308083862786589
0.180627697634918
0.972916802973486
0.902647154354781
0.368472286172619
0.578596161598398
0.632457355044608
0.538342126426869
0.502311270371138
0.319931351368723
0.777251328443526
0.389504768965708
0.853801647426735
0.623212242375303
0.203251350867504
0.694866845435172
0.831197869403695
0.330088503273146
0.343882730907353
0.335396836577274
0.681787476780300
0.259422776674910
0.697142749209888
0.584542939490348
0.359784830558056
0.631875023034809
0.995478438824648
0.624129741823708
0.828655571174750
0.162022766206064
0.843282911075221
0.672168493612844
0.814596412375977
0.747407828202995
0.703302925634489
0.562906278915762
0.426942802085250
0.556301384094695
0.659207991782750
0.700543986604316
0.479803337693738
0.244799610336486
0.506171373512188
0.302275185131293
0.334958969287982
0.834648631767777
0.341855581478740
0.847425545500300
0.482546670893498
0.606111326866085
0.827312215995335
0.234679859371681
0.642880549457914
0.595845677125908
0.347613971454848
0.872111500466417
0.833731086393527
0.820064491446828
0.647395065003366
0.670315961840970
0.183017020841362
0.258618380503322
0.596221830717695
0.448531252601242
0.367436238178925
0.356862801774696
0.209433408839686
0.460123863980698
0.521728468178480
0.337648727370834
0.835009096022986
0.465981493609434
0.694866845435172
0.756165142403916
0.469354742628639
0.282574628254224
0.367652081513370
0.552822292716883
0.570066153210064
0.674126812264149
0.557165595171682
0.790552281563578
0.522434864855313
0.382549889407528
0.867383923679881
0.485898909755633
0.143707640447246
0.648844158589782
0.391464175096189
0.124896808738413
0.734449869851233
0.341313117205573
0.384984348966100
0.411203490715707
0.728105713678815
0.847701096841774
0.278510333002487
0.428884065688180
0.704247125795519
0.386627205261902
0.684129820765520
0.576654824493744
0.734591938751691
0.347769571199024
0.935877793897816
0.379877022241999
0.599270737518964
0.786645616106398
0.393103317175701
0.958349333435763
0.297509453339444
0.243359313688416
0.516528401763935
0.723033141657652
0.762300238806347
0.608716082053434
0.306699527391174
0.452344079916656
0.400591230332793
0.030202139409084
0.431082314426021
0.783819536467490
0.263826885879098
0.528463105860283
0.592823105362186
0.653293850242335
0.698786595916317
0.560993786515610
0.805045489563781
0.516571513668168
0.379791429928446
0.429438940118416
0.196623663323408
0.294313213271380
0.732010005354823
0.242309510504128
0.805970506255107
0.366204925034253
0.498796444015170
0.580386348367028
0.381823124123912
0.784600826380483
0.302896247296303
0.907745361902926
0.647914848574146
0.340793255592871
0.725512364013412
0.517605143504625
0.545509104042139
0.751589685380168
0.760670169947844
0.432598183928349
0.563856675325951
0.539475222300098
0.647206137269677
0.424256209429586
0.748748219244590
0.881495752888441
0.583340606994170
0.799456799817563
0.346479204170464
0.071584516284929
0.487262470553105
0.205808943333977
0.268151778938773
0.372348483688256
0.510026990938059
0.703890584809415
0.559067996546219
0.802846842620056
0.725415495333436
0.602916904063022
0.814106027180969
0.300037369241181
0.652946376932960
0.393720445346844
0.826166684833879
0.222316313032934
0.533387534684152
0.571454816388723
0.031460389625863
0.865983850577322
0.734855780981889
0.685305359664198
0.573575245092798
0.917252039063897
0.339975192749989
0.854801075220166
0.673848616344912
0.584271991327114
0.427198791461706
0.819877245150565
0.771621639571094
0.663885624780960
0.649348251514311
0.527367478913220
0.422103646305914
0.686132528127928
0.345004449882254
0.785774246971414
0.282134107699676
0.586918993292784
0.347680657061574
0.820438984046632
0.714467079014867
0.538484185170091
0.808792197123694
0.636546569767233
0.378421564491873
0.638574159725977
0.576358514757885
0.887552388812765
0.623813374862948
0.513875185431971
0.361394236104388
0.471484000030614
0.443436291134276
0.726854263957648
0.782626937128953
0.935807835332525
0.612592166529794
0.498470985687163
0.383212095759518
0.393379960834864
0.243708214853541
0.346389825128426
0.072967749583768
0.724838085072406
0.788054439784901
0.357015589070215
0.655319157762278
0.891758546327765
0.466711590699560
0.607077394692169
0.596532566276437
0.779985048073286
0.322339317099249
0.369679347619240
0.114809521612187
0.712654380222375
0.812793005825370
0.378550101326255
0.384087640159123
0.454336744027387
0.784433407119650
0.638589875969046
0.292934960409184
0.370648933399934
0.336272571170412
0.493286426768464
0.552975135688030
0.549638432879874
0.653546990819450
0.386563197876967
0.598000924663211
0.574189940445649
0.418269466339552
0.521150507243874
0.895984891860280
0.772426312258176
0.772140783250507
0.769018069266167
0.549734773878299
0.564805463181983
0.298321693495382
0.611744764151808
0.507016789408226
0.331588461231149
0.289342185431451
0.505174214056751
0.422423254356545
0.376814854163968
0.575312715642212
0.454572447073588
0.477515883503656
0.606079124605458
0.363217487858492
0.639768572327739
0.651903957004834
0.357386643932841
0.614523994365300
0.523226089841046
0.414139755339420
0.735200805436762
0.824740871677932
0.490641658376262
0.573469868737448
0.366031920733803
0.366550933620601
0.566238523701031
0.592542250706174
0.723952722670219
0.116118249476131
0.602091625733010
0.379513254876656
0.745044671821233
0.611712786696444
0.428862724373175
0.726601442227548
0.842808950728795
0.579218522856536
0.670997152330528
0.863511238087085
0.537449185772857
0.857386593757838
0.626673804690654
0.370390377189324
0.118462358106626
0.727948490770359
0.303780625050422
0.912703795656853
0.293566659638600
0.492700977345521
0.692039044348348
0.243857743924309
0.748594283279090
0.254190504259896
0.754557166677841
0.485098200901120
0.701107552791655
0.775306230694696
0.631087935005780
0.435780969295593
0.320127168459294
0.887213228314067
0.777491554639710
0.618487441497564
0.361872041728930
0.350030425928708
0.629559946355585
0.411671541376563
0.671761253928707
0.098096625741164
0.500033203315979
0.421933188677940
0.748352383896417
0.446068926838052
0.775332556419016
0.623765919815924
0.546430553666141
0.622721360959986
0.545685551835049
0.397592474990233
0.669342832588882
0.656000924638647
0.406885714161035
0.362306410483143
0.711723550841270
0.676998488335812
0.377521806709410
0.546567790843255
0.540521627546696
0.578492360546079
0.341245309165970
0.467162685650692
0.810332407207170
0.078012680816755
0.847046735383628
0.405609770074079
0.743010183658043
0.656793676818779
0.612544200361299
0.877642249957717
0.509399334885529
0.163153818408318
0.562557049786847
0.644500077622070
0.627667971704795
0.269271674740594
0.173514474961848
0.812305478502822
0.210782988324354
0.482417020473804
0.654765344173939
0.667582208807289
0.595862031630531
0.728439812359284
0.328628649127495
0.586649842072802
0.416204296714568
0.283348504970490
0.780642792589788
0.295394157867122
0.599238285729371
0.708460936490155
0.676603850100946
0.433986420110159
0.505997954482154
0.448424184469332
0.628945269236283
0.887043648064719
0.695977104500344
0.173613231090712
0.504350151655672
0.550948670577782
0.515773943385284
0.719849018620152
0.624778294099087
0.479824928690505
0.947769016383972
0.880556572315982
0.419227754864551
0.926728753947827
0.480515840645239
0.640365762832516
0.496822024091671
0.581909471271501
0.377286155860929
0.520957599197573
0.667727580126666
0.546803054567135
0.509139615140157
0.481379817116249
0.679808406326629
0.675223231468408
0.348525341330969
0.526903035068244
0.826675809796143
0.446753962482035
0.541603763813328
0.735916013021779
0.507883293110353
0.531415714118339
0.882318871408643
0.625394937414967
0.531748221888847
0.937237787606136
0.553734121895104
0.383233450491389
0.121324198036746
0.771777382680739
0.222444900820847
0.827025833197695
0.773700361220108
0.425983197397727
0.495520397140353
0.671858991445333
0.917761698794493
0.143491665825422
0.321975431994360
0.569887809950160
0.431765523208014
0.848326411702146
0.632331445427553
0.491920539025159
0.487738884257851
0.635587622840831
0.483022099062509
0.660928520599555
0.645191989817249
0.273759759445966
0.384194413862133
0.328201735050243
0.550389892734529
0.563291051796114
0.474713433322904
0.855122319881048
0.372714177567104
0.364669389120536
0.697055760792864
0.333382972668915
0.674454101572337
0.575713605307101
0.733194518506934
0.379342070234998
0.354608530928090
0.715476874560409
0.571100544148067
0.644594429279095
0.507601679411891
0.577246748063772
0.657094922651595
0.389249139196181
0.617470448640233
0.494392492044426
0.713366190910165
0.737890513111779
0.320053737050330
0.447267848569027
0.249958744978358
0.807467791659292
0.832820151241322
0.762324390416325
0.446240185745410
0.773937292782648
0.628014892026840
0.846461301574891
0.701142775687913
0.807407900247199
0.500532247933734
0.462375757058908
0.720433592861809
0.300752831746649
0.379128089429287
0.733435436435684
0.294083504457376
0.540179533527407
0.794395705648640
0.827375856613799
0.571207048073120
0.465358763736731
0.441617697208130
0.435503184962727
0.144463002106932
0.312838553327310
0.438238843227737
0.758799372524663
0.307091320428299
0.251297413364227
0.850066649625660
0.402760269695136
0.316405828089046
0.720188448824047
0.808310284388426
0.440590943566349
0.685305359664198
0.336755970020022
0.428137419170525
0.622753030729655
0.746842877248127
0.628109506658802
0.745886806391354
0.337740292226954
0.605467281646270
0.531665094946220
0.776156964660913
0.359654207219137
0.737331879026897
0.526351901753515
0.653721041300741
0.687840956066793
0.617740587367734
0.545411077480821
0.951584309084865
0.712654380222375
0.503027185921383
0.903428650759452
0.478206225008762
0.730335733787797
0.484427730094467
0.512168404449767
0.449195151588356
0.850171798905649
0.449109475011937
0.443307888475829
0.810968585639785
0.728380853768613
0.755059776791313
0.308188340924971
0.646970096415316
0.493785240520083
0.352874297699600
0.577834953954152
0.546940291744249
0.892203361516295
0.556996832849109
0.386883145918546
0.574067001369258
0.372800140750769
0.616356408972933
0.417843618408369
0.530204273651179
0.709128472677548
0.479241971726879
0.516011058869481
0.502983803198731
0.429310892177455
0.757695921471168
0.739908026473131
0.750764859571063
0.448274289075925
0.617502229673846
0.750141496268043
0.604773854538507
0.786870485557301
0.428137419170525
0.707486694496765
0.503938080357329
0.274096742235997
0.546430553666141
0.607141799213423
0.534975655180460
0.363932603409921
0.478551395754039
0.439072608693095
0.556151016789954
0.600179387467506
0.436721162455797
0.499772832212329
0.702966260876565
0.502398048796749
0.252207036312029
0.495260071744269
0.412671467791370
0.281410128496645
0.768261415134475
0.525186042803398
0.317150126407796
0.445983297373459
0.433281566416554
0.947442786178726
0.824677654811239
0.023915785975987
0.405567238842195
0.271484554155904
0.596712465812743
0.639092795776378
0.633165596671461
0.645286341481551
0.202523442967504
0.602933085996483
0.757091385261447
0.271861426335818
0.308005504171888
0.933853355563770
0.719849018620152
0.911624272950576
0.333777476575051
0.430612712938455
0.387821156975406
0.622309653954289
0.736654725718836
0.450201851323072
0.730335733787797
0.532641836551193
0.482481845690927
0.469763307548419
0.536961202429666
0.566709363723930
0.554567818333453
0.429566988059378
0.663580994507356
0.321441733853135
0.940918351108849
0.892470511178544
0.422593711977242
0.721490074814938
0.756049362047634
0.740285754953220
0.719266196952958
0.728164672262210
0.638762754657364
0.247336412889126
0.602399082366901
0.258940138970502
0.725107543192280
0.683357376990898
0.704461050387181
0.720075305420323
0.895347112396848
0.245142819861940
0.786448855331400
0.432107127606287
0.598538261350768
0.622990553987620
0.343927670175617
0.502029240473348
0.287974934886734
0.654844458033040
0.959513693560439
0.495151602830447
0.453479642026650
0.683156964201771
0.700720101034676
0.342330237726856
0.626610650746443
0.766311964565830
0.892203361516295
0.390612497976690
0.633149857974786
0.125900293838640
0.325680434121750
0.434904880232352
0.270142031695286
0.150893899633957
0.661119723044976
0.677294467015599
0.339201917879109
0.497299335700518
0.582182299294800
0.407545013506024
0.571578700553800
0.426964134523587
0.366140048419766
0.695351031397877
0.588140827421739
0.779573957755929
0.597219344032055
0.568869197850290
0.991282882168889
0.674012260999007
0.686520965486125
0.658286282028712
0.416800301281910
0.277663498658512
0.356928282046283
0.405205723356630
0.535917647102906
0.755014084970753
0.976939084488549
0.621612919043400
0.720301592220494
0.855909427380539
0.130854141905729
0.603094905272883
0.587188054843864
0.491421925653412
0.626184361659398
0.828559447159932
0.663196625544515
0.213119502972404
0.384322542311565
0.404950535965327
0.594468410105037
0.825467865601240
0.653626104678551
0.847874795414100
0.861620847645099
0.718500812996353
0.337808965872682
0.410331310085894
0.699575357204594
0.657682403216313
0.403653385750658
0.660450514442346
0.597740397781308
0.950118737157027
0.628945269236283
0.797410830178706
0.472646083195286
0.639815718946920
0.576271364821878
0.709544157209166
0.756188298480993
0.377007659400988
0.626168573173345
0.382955838860653
0.374819132928678
0.619535673125938
0.360786119854311
0.524035938833549
0.485639220401936
0.714320248509466
0.842504261941940
0.794135773328890
0.071868463208375
0.499338880377763
0.190568821468332
0.661774333239009
0.634266624365409
0.195398916876002
0.340248113287089
0.573768435053353
0.337694509798894
0.435268136672676
0.650783353186853
0.581500229214726
0.175481573256548
0.937452523459797
0.570672520312655
0.718911506824952
0.459888013960153
0.565767683692684
0.094462309418304
0.519003694840649
0.881699922581902
0.622483837687469
0.931345694734773
0.397762631640944
0.603337301618012
0.655366722894541
0.672657181232353
0.716660181038606
0.919265624826949
0.641434447992651
0.598831354094727
0.569048915385792
0.932831569247355
0.710923352620739
0.617088794424490
0.600666164224094
0.263972226130136
0.507471703858755
0.631087935005780
0.435759601277823
0.407183462251851
0.794424587009416
0.470773968147114
0.299402365322749
0.425876578679890
0.673129579263332
0.414246155640285
0.925841339521867
0.597528719699767
0.356425471742114
0.532787308700790
0.212689409883751
0.930946789521840
0.745345311668643
0.344825691783626
0.771803339863254
0.316305869091593
0.304450608200568
0.703819276604918
0.384834998381848
0.782156207285880
0.723242693951761
0.922222315020917
0.736777844511380
0.676817612482409
0.598456846702902
0.834222628553107
0.859347541503666
0.563619478351029
0.631308429736237
0.547719033005706
0.119480505294632
0.354125579899119
0.349211932865728
0.374947896045342
0.322048209018249
0.570297999460308
0.710433375301363
0.388524665271689
0.741062196822895
0.438196089911798
0.135565713506367
0.299816498307337
0.826071223891631
0.510871080121433
0.650751812492672
0.270281288809201
0.590822046062385
0.662141891931242
0.181681599584408
0.520227596098266
0.798170044807193
0.214828964199114
0.485033278564515
0.905812809629424
0.697946396532643
0.599854869629780
0.759081104704819
0.232974548111088
0.889573052372725
0.654100787804055
0.550563306554977
0.616101666215400
0.442601773283968
0.395018476403493
0.596516211771814
0.571720282452588
0.237990612331487
0.587906813110749
0.783374566883140
0.628976807456638
0.772841627192975
0.259945634192263
0.766436259502370
0.724992061142984
0.100854941039870
0.488453504811332
0.837117801311251
0.596303603226261
0.282822268804011
0.221159047388937
0.071655503015791
0.347969627990096
0.608908830072323
0.391485464402649
0.624082286776684
0.361307362349180
0.593597410312213
0.273928250848257
0.371982789809408
0.553127797218622
0.598098622249381
0.237040514657565
0.729680276468571
0.704657147936814
0.285895936147426
0.818697149436048
0.762783271064109
0.801781329195364
0.306856244606024
0.815731017944927
0.680539324319398
0.581414970460173
0.924663876488921
0.567215796480014
0.027320282577421
0.617247981448600
0.365145273710368
0.671875281033863
0.539837439508119
0.418290758745570
0.627683740814973
0.451337160753610
0.333174117651652
0.806659257541469
0.868221392440319
0.711449777496455
0.668971312428766
0.389462163999269
0.690343594935257
0.105312615596631
0.748462338167883
0.951239468631684
0.514846746351395
0.763145545257430
0.533985657988524
0.645805628177186
0.625410725908296
0.715883636170474
0.535037530011323
0.523972003393283
0.470214879307605
0.712709134888428
0.168537143472349
0.972026522125816
0.472086561676406
0.460102423072385
0.512795363545592
0.254582911547914
0.221416217529622
0.742628108353529
0.308709638535220
0.833698316913797
0.511130679049529
0.664783482403436
0.319417331505974
0.754351553441666
0.513896775672038
0.634486816074059
0.807377954530239
0.611072901963780
0.268888717684604
0.362697342359752
0.449088055866014
0.795783222063619
0.180723506906361
0.715384769668162
0.439179533677816
0.767681313627691
0.436336537983152
0.640617211473000
0.425151571405877
0.635005839423684
0.599254511624167
0.894078439749137
0.634329536282166
0.927172584379150
0.510871080121433
0.595845677125908
0.567916694890300
0.368968318063708
0.887509993750427
0.772945455930312
0.771673553943401
0.955250783015799
0.319025697324832
0.551943445643701
0.324291806442488
0.666953734304116
0.349079204257578
0.550100869710150
0.564294577408873
0.625473879837955
0.677343796793139
0.648718150441709
0.836325055272027
0.724876579093689
0.674306821390928
0.432555483370379
0.438580869704310
0.772633969732851
0.921384686567762
0.516830185115396
0.751702425317490
0.467828806962643
0.445148410180991
0.911677311720268
0.404865473501559
0.444356510219222
0.783540706826898
0.375784856332757
0.377586075119325
0.466303595261707
0.242860883452522
0.614970712304057
0.598375432055036
0.893717209597526
0.682271807694633
0.370562748001248
0.816008495945425
0.594189032810391
0.378635792534624
0.631513032880321
0.742840372411592
0.632709174293268
0.852845854569750
0.592839626224304
0.454229606271838
0.724626367977180
0.527156781427038
0.585320907957794
0.497407821814704
0.226336526371597
0.666744558817300
0.374454046301253
0.171334762460901
0.823289206200570
0.082621831556025
0.859493028729048
0.726465307459875
0.703143452854420
0.683760365696799
0.625237026186369
0.254409693363414
0.407396139453340
0.451508551246661
0.528399896611518
0.363000786172051
0.344511880764912
0.446261593104282
0.605032111234323
0.645427962801477
0.824835696963419
0.433174770405458
0.140028668487503
0.363889263069723
0.749232018009934
0.513054756222118
0.369140688861080
0.749518132950470
0.467098222296045
0.260698959136789
0.371294424861844
0.592377042084991
0.718351469775371
0.703480562668119
0.411777916531719
0.536715660004120
0.935388940073608
0.732170617302472
0.647741587374185
0.244554460681684
0.860923086125695
0.394465255194518
0.293107242010592
0.270072403138329
0.311641064683499
0.541044830162718
0.564458790693607
0.728832869637699
0.803172416162852
0.529492633759219
0.471763760790054
0.337282467946352
0.660864786441380
0.884726488489832
0.457208411819011
0.167731205154269
0.450201851323072
0.243708214853541
0.315106361005746
0.350074668800517
0.471892881141684
0.399612969027658
0.711231856861559
0.714889216724259
0.369076049806608
0.731769087426073
0.920851652517740
0.281347173782706
0.676357201205974
0.621897946963145
0.599692610710918
0.981650592868391
0.536326884488517
0.083884218067396
0.437597543583252
0.744142752264452
0.589675625313248
0.881699922581902
0.565115643817990
0.471699200621515
0.404078678817314
0.750564492795093
0.603418006830907
0.720282734990178
0.326944710301177
0.578924864887085
0.740705453259579
0.694002227632154
0.320494325504114
0.283905696203874
0.899240746810392
0.693293804193672
0.272341081836203
0.461925312811218
0.398507066973252
0.301704302612052
0.556244996354508
0.686318302519794
0.822033022610412
0.609534519993758
0.603030177568144
0.308993602717237
0.714191771818150
0.574769510356418
0.699698637319671
0.787516985241382
0.829328439278470
0.460938625408744
0.546999107682495
0.295309091779927
0.759646345737565
0.876005675054330
0.480062429669488
0.578838364024705
0.445854853191122
0.452236960853043
0.223195850710908
0.263100184623909
0.496409842213325
0.692520322096243
0.362002352354466
0.955524797995167
0.569887809950160
0.450630234183336
0.395656700166001
0.582642696601397
0.502897024773119
0.659972508299688
0.627210613172792
0.675370605611533
0.705764545658894
0.920851652517740
0.559290528770362
0.806958714623761
0.207911314231751
0.598342866192979
0.365102022631618
0.849438082579582
0.734348392063112
0.421720116653887
0.439371998661954
0.958446363445546
0.609262098187173
0.659303341075429
0.353379201042117
0.759884444392810
0.836391117438325
0.355374882965407
0.577610051703232
0.593103960018198
0.658953727026528
0.571614096035773
0.446989471412962
0.576463094657811
0.671386593407078
0.464628846013511
0.839845154681825
0.705943891916831
0.618296755339543
0.584034911669733
0.583916371855594
0.360176700560260
0.503677824810438
0.890138757364184
0.729501515386801
0.327632516295125
0.751455011799408
0.300313457904849
0.289430763790733
0.624936477579467
0.052853039778711
0.731769087426073
0.793443553491670
0.536551965051331
0.513141117182386
0.640585780383844
0.623718464768899
0.490793334050977
0.737828264660493
0.412692742822401
0.197399421762384
0.603595558321103
0.811544175652671
0.601282529336459
0.392315747383691
0.676258541636344
0.650862204922305
0.679509394416527
0.632016671363090
0.716438311079401
0.780204296250304
0.751032015272358
0.243857743924309
0.875726530292013
0.787827969201317
0.670380837131233
0.377286155860929
0.916232719609980
0.336916208521870
0.384856334181677
0.646340654122469
0.611201100451581
0.689831003306608
0.601169166875479
0.479630609705055
0.279823831158865
0.688673286080302
0.959416663550655
0.501768905181962
0.167832137500227
0.616467858933902
0.067917607448180
0.618995937918953
0.618503332014370
0.901002276768850
0.523545767071482
0.625979111362540
0.807437845949607
0.649821361956128
0.778437545792258
0.394699338292412
0.276686382094340
0.821907404249941
0.694693921868748
0.923982187363436
0.933035926507728
0.461153122676478
0.790637793652422
0.821437630969740
0.365621035532968
0.736203290187404
0.862732427478477
0.826166684833879
0.746560401770694
0.431637421563210
0.721319882846728
0.502506521843316
0.472301762252755
0.583780897766701
0.864895018872630
0.414778157115506
0.897230488822970
0.107080103516637
0.489103233740025
0.561049327523506
0.777625960654404
0.541683565912535
0.667066367248481
0.882938572649437
0.667050276832015
0.292183008488792
0.718668824112683
0.304075417639979
0.119141122901055
0.244156802065845
0.543614146008622
0.828911901880929
0.626389611956256
0.328934912693512
0.697963900696777
0.491963896711241
0.539233744166268
0.309355011697335
0.453672489973542
0.815946834169154
0.611201100451581
0.382101004965079
0.367738418841327
0.945496225409443
0.512535932190076
0.566709363723930
0.669181293204019
0.756443015263358
0.629355164368462
0.121549060968391
0.796974863718788
0.556094629057043
0.484687231211865
0.608089650973852
0.843113639522926
0.702877664894913
0.914008337997075
0.629292154531868
0.900810679137066
0.909509375873313
0.643556560979050
0.478572968931985
0.381331488788419
0.510871080121433
0.500054900912801
0.736531606940844
0.234353688872943
0.629938005404256
0.303030243921967
0.355177897574322
0.577315948750766
0.581312659945979
0.491010027653829
0.342443251131044
0.294798695227655
0.607398970554641
0.391059678258898
0.901720767898951
0.558079493865080
0.611792730320303
0.675272324857360
0.659749438767903
0.591204060874588
0.686216971029353
0.852633648340998
0.353993865988741
0.719191525357019
0.463212442344229
0.858547361778619
0.808671718936239
0.555549547592818
0.845396292643272
0.736695765321201
0.539374606414640
0.433943701696990
0.866892006102717
0.377928839989181
0.862027789313288
0.318065201885474
0.867839069724141
0.502398048796749
0.666712377969816
0.643352132370637
0.618344426875410
0.199193421452946
0.869982620912197
0.436058753643010
0.896769156614027
0.618709908674646
0.857674821345427
0.623433734501305
0.847150047236937
0.389462163999269
0.353225534803641
0.845259723726485
0.715256292976846
0.287105611561856
0.759955873982108
0.822975160299393
0.014713095151819
0.096557857468724
0.763507819450751
0.792066206449817
0.577402449620422
0.334843741045916
0.648466134174669
0.918107467776281
0.795841350925912
0.384941677366442
0.481876810394169
0.733013830053096
0.319490762914938
0.394465255194518
0.903184433140268
0.799339822093316
0.751187856098113
0.657587053930911
0.581756005492934
0.299595627380768
0.516981076791126
0.973043985948607
0.186038706488034
0.470773968147114
0.363065796678711
0.577610051703232
0.886153351755638
0.311998453129490
0.620297030873189
0.396826770076586
0.676274984900374
0.976939084488549
0.823887444021238
0.879821561429708
0.575504445478145
0.404418913261907
0.665376872981142
0.316080961325497
0.850592396025604
0.614380406455894
0.560049589279515
0.775042973407835
0.219659285925445
0.502528216449718
0.483995228241838
0.508078256440058
0.231631108537840
0.537408597570902
0.770238743563823
0.628976807456638
0.125119805423310
0.519583475725085
0.610015264355752
0.722690237926145
0.620645986498857
0.265019446531369
0.635949192997941
0.280780581357249
0.584881624708942
0.725881872705941
0.604047507549694
0.567880751383200
0.636955301248236
0.726445859625528
0.304477407516970
0.708533102566435
0.288244724877586
0.411607716283470
0.717866104336281
0.860151876033342
0.847770576270705
0.551332073759113
0.869291896051436
0.734591938751691
0.300506719962868
0.758376774254430
0.371143845033657
0.510568073739705
0.639642848000221
0.614173001689778
0.359153484438139
0.590423291017942
0.698121438072121
0.632677696885366
0.558452513745578
0.158285303325101
0.596172767203825
0.336733078809630
0.455065302470757
0.764806134633545
0.618614565602911
0.193541440581612
0.541164852234942
0.715219585348677
0.290139390715922
0.114297410713334
0.646435070470034
0.691420258684957
0.940165144282219
0.243458999735594
0.596140058194578
0.597626417271385
0.848778028004745
0.139485579427856
0.465723812281794
0.229518359796202
0.758494162662828
0.584441333929135
0.643808165412338
0.604338046345219
0.990828817069996
0.598000924663211
0.433046615180501
0.491378567974607
0.289489816037531
0.641025815501052
0.623133067951130
0.642550461074279
0.580609609132807
0.959416663550655
0.476545431120030
0.794944451663468
0.986054064036580
0.622673856305482
0.539897809030663
0.711614041509165
0.434499040966330
0.563236314024834
0.473830399212602
0.532891217379074
0.662908970924036
0.471505520094070
0.335719475646329
0.700103700517502
0.795002214399574
0.664911747786391
0.665168278537749
0.828110868424119
0.640208607430395
0.525270832549722
0.183491765135841
0.882236244586238
0.333499003223551
0.653879269004392
0.574681696736661
0.479090834742237
0.687297840187966
0.854872462929052
0.727928837899526
0.395911989682645
0.722099681464897
0.083000547507254
0.655097622358880
0.630914657936955
0.716456800240849
0.656524141078989
0.323713972851692
0.887255623376404
0.101559150003595
0.045423820381984
0.231631108537840
0.707342792717100
0.765173661020526
0.471139679102635
0.352081869896210
0.242258771264460
0.482633104511478
0.790694801711652
0.767480337002780
0.817272562351718
0.284586420995765
0.150893899633957
0.373616353877878
0.542760894328239
0.698226462998718
0.389355651590449
0.247529611115169
0.930614368509850
0.457529929255543
0.575277855685272
0.450051917323435
0.437041750563367
0.405163192124746
0.668551350863709
0.260146733235160
0.704247125795519
0.238096178734850
0.954063384786423
0.588893016312795
0.632252751915075
0.689762657762913
0.521621438376314
0.544899682572577
0.742776693186897
0.445469520644110
0.753032756583707
0.617025108738744
0.775729895867698
0.658715353813022
0.266949875920545
0.647379313981219
0.784461310329789
0.940391106334573
0.467399051274697
0.472151121844945
0.685929865161597
0.179663864320901
0.650389094480488
0.321732841934136
0.105661230561964
0.777091177646071
0.806719148960838
0.796626090552309
0.160471542862069
0.592674417603121
0.574962700331525
0.488042056611448
0.406992052761780
0.368062183835718
0.790153225148970
0.095299957458337
0.721018167110742
0.594994296763616
0.635571902406809
0.334612896629551
0.143707640447246
0.270350917366159
0.231122751953080
0.703338364030060
0.374475525597518
0.665360782564676
0.760646360089595
0.730653531260032
0.843587599862076
0.357277510142012
0.848152713129821
0.245878268840897
0.344892726068792
0.077090037324524
0.431616071291501
0.727948490770359
0.588859585688624
0.468559391643794
0.304531006178877
0.587940243720368
0.531124769804592
0.784851955286285
0.070732675492764
0.376235527255631
0.507731654965028
0.661854237310763
0.290640473111125
0.506800017516071
0.411777916531719
0.403844767621194
0.576393374729378
0.665618229315442
0.295734422230453
0.432192528700398
0.800691658660071
0.542860646957706
0.193719955241249
0.916062833035539
0.658333956664137
0.825975762963935
0.553279378385923
0.714724032404774
0.769931681563321
0.483303225271811
0.170439686517057
0.407119659088494
0.624968114272633
0.917082152496732
0.789384954412526
0.170039713993901
0.736942002884462
0.720075305420323
0.434007779309468
0.308345058139821
0.704853245486447
0.343163702484162
0.686048085226503
0.283905696203874
0.209508904852555
0.830229688137479
0.671810122679744
0.432448732004559
0.157132372070919
0.533366909738106
0.192827381935786
0.395571603665303
0.643886791796831
0.819317485314969
0.104266770700633
0.723052191875468
0.328864284696465
0.574400693141797
0.357626738252293
0.853801647426735
0.687027622894675
0.663276529601717
0.436785266538209
0.217724004840420
0.121043119375827
0.614492085944221
0.650184079953760
0.430890161958814
0.196451272560807
0.573768435053353
0.354213389182405
0.801988512357639
0.449152313296509
0.684482482443855
0.111949827565695
0.419973238669627
0.611616854359454
0.332826025965915
0.528189199125336
0.709852661442710
0.337419815223257
0.717604753714113
0.272409604054701
0.494153928950254
0.375849237891089
0.664559018005093
0.619789459036838
0.916459235049842
0.820595022618363
0.134582602084265
0.179857073861058
0.211224560276605
0.669148988468805
0.741651693671884
0.704764110232645
0.440312938582792
0.209508904852555
0.493546677425911
0.724299168825382
0.654433065988997
0.571064875490265
0.116118249476131
0.534934405302920
0.461045874042611
0.465423184061365
0.386413847307267
0.514199039076630
0.334264804936538
0.273186888698547
0.344556820047728
0.656207040206937
0.497104060705169
0.826484887926199
0.827694331026578
0.731448024969723
0.455365330206405
0.154078944819048
0.731949775865360
0.997121079679346
0.281756379416038
0.597691548995499
0.735895493235148
0.406311535414716
0.651667043384805
0.519197003486624
0.010082426044391
0.858220015514235
0.625947534390434
0.367760003173316
0.253795963879384
0.541843170118227
0.745712975338392
0.469591280219902
0.147473096621979
0.363954273569107
0.477645322527678
0.554529923036171
0.076431006258645
0.419504648845759
0.765740207840281
0.588759293845214
0.497993646800751
0.451144346436195
0.620757017830329
0.432918459970097
0.941596237251360
0.936665158682445
0.770929633094056
0.149720664921915
0.655874084281095
0.412331067309424
0.462826201306598
0.714687324776605
0.250100336343166
0.486504851593054
0.517712724373268
0.308266699532396
0.812457830797939
0.361177051723644
0.341606952024449
0.176948145075585
0.395316314163210
0.311896342151158
0.630379074289522
0.438046453338757
0.647899097551999
0.479609018708288
0.554852033026691
0.499924715353700
0.398081675353751
0.420505727095588
0.617756477884541
0.485595938836923
0.650594109007216
0.328367757196247
0.526309506887628
0.509767271192686
0.230840331634681
0.718108787063102
0.783097666972026
0.671451751761197
0.276390489823825
0.358477981768374
0.600520131200028
0.402760269695136
0.943289464201371
0.354652435569733
0.354103627578297
0.592558771568292
0.582830265870143
0.652251430314209
0.815270692015474
0.315531186781300
0.501248234599188
0.605145098546927
0.209508904852555
0.629512688967225
0.495650559831120
0.639391399374290
0.775437859345402
0.749232018009934
0.196882249474584
0.477947346946166
0.744013906616601
0.631150944849651
0.363759242063679
0.652030310935515
0.634518272046989
0.456415427244792
0.259623875717807
0.595780259121966
0.540883844740165
0.114297410713334
0.443586094239436
0.471225759334629
0.395486507164605
0.701283667229291
0.627257974971144
0.723817993603006
0.876804004277801
0.848916986862605
0.462461555966001
0.371853721379011
0.453286794079759
0.291804650747508
0.856341768761922
0.723433196028054
0.426772175902443
0.173514474961848
0.350958435657958
0.548807403443789
0.457036935862561
0.570619017329591
0.512125165892940
0.704728456134035
0.273085793865903
0.725434742351354
0.670753870006592
0.305536983585625
0.588943162241776
0.365685912132903
0.822064427193254
0.914673023515206
0.778302281607466
0.603837673981616
0.879740122742078
0.297089329120354
0.610816504966351
0.975543310370995
0.804598910115601
0.585724634780490
0.781962377346645
0.268853903406125
0.366831876854121
0.597821812436450
0.658874269291118
0.626342246505374
0.343253581035242
0.281126832276641
0.647095984873886
0.815731017944927
0.476610096760851
0.306489040733140
0.507298403106688
0.373766708929907
0.404567765835964
0.879497911875660
0.325871599030506
0.879376806435175
0.349234054294357
0.641953158301476
0.364322666435328
0.349610118682904
0.431552020461822
0.084010456717806
0.550023796902678
0.492397473557503
0.191112485852500
0.634062160614121
0.476890314566845
0.742861598810123
0.672445416596020
0.246368568165053
0.381630745076109
0.467119710076076
0.486115317551594
0.314202265835775
0.716956007665431
0.433324284815171
0.453543924675614
0.287795074887981
0.616420094673231
0.111835114767018
0.656761966733029
0.646608167102386
0.373208247321600
0.715939103662095
0.510005347627157
0.707253119580855
0.792783574703208
0.681386651187495
0.314731514728919
0.181777408855851
0.439265073677234
0.544009695724526
0.857386593757838
0.814259272556228
0.758188952793716
0.272647716235952
0.146722130572016
0.730534357215220
0.262063656933606
0.054901920171687
0.737703767743369
0.460659886746726
0.573961625028460
0.608780331393064
0.581278556441248
0.370368830837833
0.330418100580573
0.822064427193254
0.586532088425884
0.663500828653923
0.697928892383061
0.722594986880722
0.387266877725779
0.761527387192473
0.605032111234323
0.062936956055637
0.617629353779193
0.384472025492869
0.436336537983152
0.352081869896210
0.522734548292647
0.921799268609902
0.361502828287485
0.404822942269675
0.499903017764154
0.313545663513651
0.654259015507705
0.745712975338392
0.709888956065697
0.463362666974717
0.784768245655869
0.535938108972914
0.817118407911039
0.594336938440392
0.450844425628020
0.325035252557427
0.683894712994515
0.736572646535933
0.937309366228874
0.329029083353817
0.738761991517094
0.902402936721046
0.809605424867186
0.254795952270797
0.635807709026267
0.434605836991977
0.834091550648736
0.737766016209207
0.525080055631406
0.690223990219238
0.644452901782643
0.151213220531645
0.455858232897299
0.786898594240483
0.786476964014582
0.762831574291340
0.334125568268064
0.584559873757826
0.739488328159496
0.381288737880823
0.561619645253813
0.706625407685351
0.568923113118217
0.074044814842637
0.603288878490275
0.346747058654728
0.541703516435518
0.990601784535102
0.531581968003593
0.687484243208019
0.276686382094340
0.749740762708825
0.278249768591195
0.516614625572402
0.918339099189325
0.459051818463195
0.727359907417849
0.515127264785406
0.490056623653800
0.226275589229772
0.553980441291060
0.795899479788204
0.387309514590015
0.534212532344100
0.589692240107979
0.820470191763889
0.904666723807168
0.560123643961560
0.635414697993838
0.325991077093931
0.429951131889538
0.578561561247625
0.789554807350214
0.432171178435965
0.523140842582507
0.637222548750287
0.422657633585914
0.067505685568904
0.754488628932450
0.617375105561223
0.614125139058160
0.599887321404822
0.888711684245209
0.681353301195486
0.393465081964678
0.699487299985776
0.280400140800339
0.584136517238221
0.276523020678724
0.460681327655038
0.694763091298228
0.679991135817545
0.338106551651435
0.620852187552373
0.621992956272152
0.316255889578315
0.307483113465423
0.234133026351628
0.748022521111125
0.576463094657811
0.259060798394785
0.477170712743828
0.431445269096002
0.513464970827044
0.916685750482429
0.120986903646553
0.704051028245885
0.390250355798344
0.550794524970115
0.281189786990581
0.588675717306614
0.809003033944464
0.527514967157913
0.661263124893594
0.687806983412884
0.650594109007216
0.967667068536684
0.865044850586855
0.571064875490265
0.314781494227645
0.439735543630377
0.073102382739307
0.506193050889124
0.684868730932067
0.776824259650311
0.251934149426233
0.499230392415484
0.478961288747087
0.624952295918774
0.295337447147176
0.490294971132244
0.413139592572406
0.694296197681979
0.738077258487465
0.321587287893635
0.348347513070621
0.420250132650835
0.710796321458474
0.380283585771394
0.756350390969601
0.516485289852426
0.719641589043022
0.745194991737662
0.522456270817202
0.673488598091353
0.382485763060686
0.346255756550818
0.576375944736355
0.092036896596255
0.430228569101018
0.623765919815924
0.357255683389667
0.628897961920302
0.331191137309361
0.552841398093733
0.263899556004617
0.737085641470912
0.729245579765120
0.537104185983480
0.828527405821660
0.784796148866008
0.620344615723297
0.418205589150602
0.320445371231472
0.673097000086273
0.502723467907344
0.448167220936739
0.624983932626492
0.655541128369805
0.306568378837255
0.405779895001615
0.515105708829651
0.463534352260467
0.655113445136521
0.251979630578717
0.394614217169874
0.553468854843231
0.327537646509882
0.718183458673593
0.352434319844178
0.782294657234161
0.480019247675955
0.882773318990075
0.398102944927814
0.612560189088981
0.415991437948833
0.665746952676272
0.760241592368402
0.343927670175617
0.572215819112898
0.696760000202630
0.264696705962706
0.379363468317024
0.754008864721982
0.728852522493980
0.590423291017942
0.920851652517740
0.464886373949412
0.552994241064880
0.021470398525707
0.505997954482154
0.574734384914336
0.849646520873648
0.171235309579060
0.476804093697865
0.648954415701155
0.786729942155944
0.844508594687795
0.417992665185011
0.333522209337389
0.635760547702375
0.623053893526958
0.999741687657661
0.966005600501376
0.425961873646884
0.501508569890575
0.365750788747391
0.651414335530717
0.522798766178312
0.157761243659479
0.159014539392956
0.398528336554591
0.502940413985925
0.694261612974515
0.497885160693841
0.840315180779726
0.776130272861337
0.815946834169154
0.574892449432809
0.308916157940985
0.501204845386383
0.390591195500747
0.361698294225789
0.267515477338748
0.879538280350971
0.717754096935096
0.568545706279110
0.839778008092253
0.825531082453381
0.610976753094292
0.138290783499542
0.701424690683780
0.562171059682441
0.681921085306385
0.745452683033363
0.441617697208130
0.557482662065013
0.399442836634989
0.798842666750716
0.473098127033154
0.711177414930717
0.715661766203993
0.479177198729303
0.467592441338638
0.687823969739839
0.387544017350592
0.565405499066401
0.708262479784025
0.231857044789649
0.674208634583920
0.294428067667468
0.577419749788532
0.201699410965375
0.669942928965611
0.321150625772134
0.744400443560153
0.683861126170086
0.691078309602744
0.665940037746623
0.855765313586744
0.232698719955806
0.764046580086870
0.204859109748213
0.354893363117299
0.726037455307960
0.576724544436729
0.613774146382639
0.684684003390430
0.602399082366901
0.894169059225533
0.509572481380019
0.385581751259451
0.501899072827655
0.337900530728803
0.200291753564670
0.504697159056377
0.330135588599660
0.566365288330417
0.214409782231087
0.041697977998410
0.654986862959049
0.533036689535948
0.583051938643621
0.595534941567166
0.592310958636517
0.412607642698276
0.700297426395991
0.525398017161933
0.399357770431379
0.174304524036415
0.702700472924334
0.526754653030366
0.475769443371973
0.811332116172707
0.247674509788339
0.594271202608070
0.622689691190317
0.115378533730109
0.561399079480907
0.815885172392882
0.685507650654472
0.372843099343299
0.962419966970629
0.825657559864339
0.674044989929826
0.484557480645890
0.791492914555420
0.425855254936323
0.433986420110159
0.878125383584120
0.051365698716836
0.298321693495382
0.600130709783116
0.658715353813022
0.492245721667132
0.599854869629780
0.318238324274716
0.524696605127247
0.829456604631559
0.541184802750649
0.402845328913827
0.796597026121162
0.532371673973103
0.530832191208901
0.927045775679289
0.528821291598433
0.385027020551206
0.650704501436849
0.651303775848646
0.428670730376325
0.637033903454721
0.749985655442288
0.434264089744829
0.373057892262295
0.403376945250784
0.728655993858411
0.666422750386118
0.612624143985158
0.588190973350720
0.346479204170464
0.840785206884902
0.611776741592621
0.673619513829181
0.444420711552084
0.437533413620258
0.865946010766493
0.391528043015569
0.323545438055589
0.412777842946525
0.321975431994360
0.887043648064719
0.352081869896210
0.259704315343697
0.533346284799336
0.509334404945548
0.402292441132886
0.409842079716327
0.678731904801680
0.247771108901361
0.313040584813280
0.462761852126278
0.510135207507119
0.976513218083710
0.698489025300660
0.743010183658043
0.680024359367962
0.371100822223525
0.253489099137369
0.150574578736268
0.969156569924962
0.640444340526301
0.574014313206135
0.851363490750373
0.790438265445118
0.784042762163153
0.632331445427553
0.311181565259176
0.784879858496424
0.595453169044049
0.371810698576155
0.577488950490078
0.844098887937434
0.629922252941469
0.677492472466838
0.690839100170706
0.897230488822970
0.366377929327427
0.550987206988793
0.679542617952393
0.550775256771885
0.593482372605649
0.495975966572587
0.680805112693633
0.559716343203036
0.578284758470545
0.351685363690194
0.828078827085847
0.904367749164521
0.421890574274585
0.693173484753061
0.261002225313860
0.797789867188840
0.664462818975153
0.051137869580998
0.505022472403653
0.785914790372772
0.657047357519332
0.741736599295109
0.822221450143843
0.237198864277161
0.655366722894541
0.842910513667448
0.626358034984150
0.739991966132948
0.975006711763854
0.792295764294977
0.782100827309478
0.681453455450537
0.427326786149933
0.870059892353311
0.881414085015422
0.121605276704940
0.976371262615430
0.624825749146112
0.542681092229031
0.655921649413358
0.930082494887756
0.892960285556910
0.507926618294732
0.739073233802628
0.438538116395648
0.577160247186839
0.747168810492440
0.568959056625317
0.267303376815107
0.667727580126666
0.605112816461769
0.306804005536833
0.652883199967619
0.552210920832295
0.327988278026169
0.366442805934639
0.772893541558005
0.692623453047418
0.530308926572616
0.481466250734229
0.653009553898301
0.459330550300365
0.735587696275616
0.905762964168389
0.165707491978537
0.757883742924605
0.745474157309218
0.363455859704118
0.366982967192598
0.696011899875884
0.863921112751996
0.304102216956380
0.306515486772696
0.341968594875652
0.415203860487964
0.599919773194415
0.581687798498024
0.880964911695628
0.810211230367713
0.340498290453979
0.345294931779790
0.753348428414029
0.736572646535933
0.701442409881565
0.737932012089004
0.879984897183022
0.234077860724938
0.913952947536018
0.425172895149444
0.482028069214721
0.229692019427603
0.680356594828481
0.583967174628924
0.581858316007128
0.581841264262039
0.249581167990982
0.683257170596335
0.602431446219271
0.401399313872389
0.474045773393300
0.452236960853043
0.590988193995145
0.346501548927336
0.250615196149738
0.605660495210032
0.350074668800517
0.644908934824343
0.262882174247352
0.607527469233901
0.482719538122183
0.625426514387073
0.383532416868547
0.343388398869138
0.996561735650175
0.654069142256049
0.469870824636018
0.558452513745578
0.498796444015170
0.557053220582020
0.285225951651228
0.208451960628736
0.775253579231503
0.665040013154794
0.546058052750595
0.879134595561482
0.640035736498248
0.650830664228124
0.483908727866947
0.571029206832463
0.760122543048055
0.496192904400232
0.496257985745615
0.862769513703824
0.588140827421739
0.759034149341460
0.705549330152280
0.759339359203295
0.650262931696489
0.727928837899526
0.727732309263956
0.570957869531412
0.779492606474378
0.832397447527910
0.210414857043361
0.371294424861844
0.236618249029561
0.755288235937769
0.284524797585618
0.547057923620741
0.679808406326629
0.816285973931372
0.461625016650942
0.304955170875473
0.558079493865080
0.652614697864919
0.730017936301010
0.672363968660648
0.652314607279550
0.559049345552921
0.403376945250784
0.563034942293598
0.651161841531575
0.567557259804744
0.685271772839769
0.121605276704940
0.138181898466428
0.391208703404118
0.526987824814569
0.483216724904196
0.579235696757678
0.334288011050376
0.627384127808909
0.720697594129888
0.431637421563210
0.529220536147477
0.180819316170528
0.455001010814158
0.321465992856247
0.340384573566553
0.667339923304098
0.855873398933909
0.621169419937360
0.553487802499149
0.554870980668056
0.502029240473348
0.753325880425109
0.573821123231028
0.503482633146632
0.827312215995335
0.476480765479209
0.881209915321961
0.324315882833616
0.657650620116328
0.422444561561861
0.046134180942317
0.430612712938455
0.899240746810392
0.297369411935506
0.486677977831278
0.514350170771650
0.580437870085007
0.960201596579282
0.467162685650692
0.965682387235574
0.405737363769731
0.465723812281794
0.534893155425380
0.640381478377094
0.555869078103569
0.651382747048046
0.668309065360518
0.446283000470430
0.560364321696397
0.589708854902710
0.095419621466135
0.450951532133331
0.659606036926562
0.704140163499687
0.826771270723839
0.574874886711768
0.336456936354807
0.433388362427650
0.659080859411915
0.565423608299170
0.852775119165017
0.421954495883256
0.575835615200049
0.629780480798217
0.603563276228670
0.656111909942410
0.800809346474125
0.150468138432188
0.585573237221979
0.617072872999415
0.288781189112342
0.879659385791456
0.376621816620172
0.535467485991830
0.785886681689590
0.426473643492500
0.570387171093898
0.425300837603572
0.596614338799554
0.707649068157480
0.292820106005820
0.728105713678815
0.962316570301482
0.697281930661120
0.645742683940625
0.498470985687163
0.669197445567988
0.799398310955439
0.525885558170557
0.736367448560486
0.799779578104790
0.718892838929605
0.272951000748435
0.561435840449121
0.703979720048665
0.665392963412160
0.043515363300685
0.448938121866377
0.211518941578106
0.649300940458488
0.600276742821734
0.248731619773025
0.463019296388666
0.976087351678871
0.453758200172160
0.746147552992625
0.422529790368571
0.577177547362226
0.335327699642221
0.125064056257543
0.257374041750154
0.419717644217599
0.373745229640917
0.504285087758035
0.588625571377634
0.621755432999635
0.847701096841774
0.344152366560593
0.758635028752906
0.737106161257543
0.273995647403353
0.924725848228263
0.571702584718878
0.574242628623324
0.776744184251584
0.052298967741081
0.637804063779186
0.207369805400958
0.829040067234018
0.585219976252120
0.762831574291340
0.655937504467147
0.656365590642963
0.576637394515274
0.302976645274612
0.358150580410438
0.661998064613726
0.547524681140203
0.864557897519262
0.755036930881033
0.303834223705053
0.300943125919730
0.705943891916831
0.678203080336971
0.627021151354711
0.356884628527041
0.510178494128922
0.740495604106400
0.170638592280739
0.731869469898811
0.562906278915762
0.283348504970490
0.851608839067922
0.692400002670183
0.288034888209950
0.387650609518460
0.765988797727914
0.396380020436482
0.361893760164094
0.735751854655973
0.420228833107103
0.564768971329613
0.771492580119229
0.568348016990058
0.749034100335848
0.398507066973252
0.657126632737345
0.301214974737377
0.698839108379616
0.342104210947582
0.693656380513858
0.733194518506934
0.881577420768735
0.292647824397136
0.370713572447130
0.484535855553986
0.569638129374653
0.713092417565349
0.224508412087744
0.446625518299697
0.502745162521023
0.393656604494026
0.877642249957717
0.305404753416951
0.317026467550022
0.689013012619398
0.830842869610933
0.587221485453483
0.611472955839417
0.801486051401298
0.663116721487313
0.594369806356553
0.592129229153215
0.370928730982996
0.466926325134409
0.631056430087483
0.822378473094432
0.829939233757614
0.467485002409376
0.817303393232578
0.522627518497757
0.571561002820090
0.371100822223525
0.070235768369457
0.313899218606821
0.746603859537572
0.391123546178278
0.335857749523711
0.579527653135301
0.575940195114526
0.609806941800343
0.283781875936256
0.458730260994344
0.722175882307056
0.664013890156639
0.708695476227149
0.442665952163225
0.517626659675443
0.736387968361669
0.006256450258661
0.561307177071285
0.793529637674510
0.525419214602152
0.517863337598101
0.575556735442660
0.545920815573481
0.401314254129829
0.570119656193128
0.671793833098491
0.503092249819019
0.679858241644979
0.348191913326446
0.144139589683618
0.740306739862717
0.616722601705987
0.272066992976761
0.192381036074948
0.462354307332134
0.727145981341891
0.557762426971749
0.668099084570713
0.620439785438066
0.677080704634136
0.334241598829976
0.267444777164201
0.881128247448942
0.418524975109904
0.516679293439665
0.545234629687911
0.215387193020433
0.444591915103956
0.426686880928173
0.826962192579231
0.547446940392547
0.937955560628325
0.284524797585618
0.519819653192826
0.735200805436762
0.322339317099249
0.664446785798646
0.795117739871785
0.821000722935423
0.525270832549722
0.320249554140901
0.405482176378428
0.373380081662617
0.688996026285167
0.670202430097561
0.914949975820491
0.236459614301566
0.890664094324165
0.408842348093458
0.531083206333278
0.892559561070811
0.771881211410800
0.587973674344539
0.727379355237645
0.619202514593781
0.582642696601397
0.206518862949451
0.941370275206282
0.647584077210922
0.647410816010961
0.229865679059003
0.265449767284736
0.344309654021345
0.136002651917806
0.731150089828589
0.833862164297898
0.607479282225540
0.400059566585696
0.675584367978445
0.198347570971237
0.806659257541469
0.477947346946166
0.569762969666044
0.383980866441561
0.639422830448893
0.323015757276153
0.565858229856531
0.304316611567629
0.649600577082310
0.095658949467179
0.937166208990675
0.632677696885366
0.466282121815311
0.256415061754524
0.423041237394500
0.564750725410704
0.734876076538058
0.456608302200038
0.312355841575481
0.684499275848793
0.962730156985344
0.645113363432756
0.087771572732890
0.337488488868985
0.740180830376630
0.497538005140086
0.387053693390044
0.137201583580463
0.804390506375057
0.548943449735816
0.323978813248686
0.679692123907444
0.287885004880081
0.574980263052566
0.567539288058470
0.543713033439417
0.702151177792985
0.139702815053170
0.376299908813962
0.617295652999019
0.184251356004097
0.484730481395673
0.648214117893076
0.549619164674368
0.404333854654396
0.283503280312289
0.580077218088263
0.324748505205207
0.906779085773451
0.728695299585524
0.661966102990846
0.784712439235591
0.668050627478806
0.740684468350082
0.804063014795247
0.365296652475081
0.540219779875770
0.246756818210997
0.668341370088456
0.373573395299900
0.650783353186853
0.454701012371515
0.641874565837497
0.406758113364049
0.616181273326220
0.126548925261886
0.824456395792367
0.791065354111197
0.166114518047834
0.369593162227829
0.629701718491560
0.487890470431012
0.550062333313690
0.624572655571683
0.720829594771203
0.644814583160041
0.942129808310710
0.429310892177455
0.475920329881774
0.632614742069563
0.719247529057611
0.312151619604265
0.373616353877878
0.235219179048727
0.255051601132436
0.440890336634766
0.527346409166057
0.334705467168533
0.553317273683206
0.375720474774425
0.874897092500760
0.453051091019006
0.598798788232671
0.199531369791657
0.741355985643168
0.124618062873196
0.644264198454039
0.382678142101213
0.153867039422039
0.736429007949482
0.705209786472551
0.345496034642565
0.539374606414640
0.509269475012843
0.526903035068244
0.525673583826574
0.534645656116481
0.361415954546828
0.630079777540232
0.668922855322307
0.911945085761545
0.657444029995531
0.338564375932037
0.703819276604918
0.753077852561546
0.467742855827964
0.442152521165553
0.897691821024637
0.541543912222551
0.824709263244586
0.579544827043719
0.317298517016752
0.470795471563179
0.640035736498248
0.205017415348266
0.554605713616183
0.467227148998063
0.373057892262295
0.781657787454606
0.616467858933902
0.685070251893194
0.944226031620929
0.849368603150651
0.253182234395354
0.596140058194578
0.568689480314788
0.690087299117295
0.701814513035060
0.390825495873287
0.624746657398646
0.927299393071735
0.896261691181280
0.598701090661052
0.895437731865968
0.486072035993857
0.358608942304272
0.293997363653034
0.335673384346592
0.447010885043710
0.397401048758184
0.717884772246180
0.371208379241580
0.577904154655698
0.430932862502232
0.708875891417847
0.729739863505529
0.496453229781764
0.307143559497490
0.887382808563416
0.882194931160484
0.305351861352392
0.691232087090611
0.450823006474820
0.612304369504272
0.489839944137202
0.681820878911822
0.698734083453019
0.486916026413382
0.515881723149505
0.618407988928084
0.426239082320535
0.689848089699808
0.695855320729606
0.551408495237411
0.445619372192596
0.275032048557478
0.838178849204269
0.339884219232772
0.366745539526164
0.468731293913152
0.736900963289372
0.426473643492500
0.396784228818433
0.708064023092447
0.662269738422765
0.441275409881200
0.601185392770276
0.804837085823237
0.623180572605634
0.343073823933082
0.489926615940931
0.418950860876066
0.615624023535929
0.530036828968150
0.707955773970752
0.299733671716240
0.678682327510614
0.593613844270294
0.824045486187970
0.662349642494519
0.777571854974667
0.332289621110249
0.401101604780706
0.768639742200321
0.426558938466769
0.363455859704118
0.584424399661657
0.589642395723786
0.619551534742641
0.589076884709357
0.716290397765988
0.340680242203234
0.399442836634989
0.797527087903291
0.712362355312507
0.310387608762539
0.563181576268107
0.887001253002381
0.660577982758696
0.498232316247595
0.560827163477370
0.530664746525872
0.492679298513394
0.306171688345785
0.664222321393027
0.651319570089981
0.534645656116481
0.606513855127560
0.420250132650835
0.668066779842775
0.865719093279040
0.854265667476284
0.663597027691139
0.737454997819441
0.447096539552149
0.648245619930094
0.766485977488628
0.741821504918335
0.547330329274700
0.666664106705866
0.553393064263219
0.441189838049468
0.041697977998410
0.417204846504319
0.854586912122613
0.542661141698773
0.393699165062571
0.750096970317827
0.692812526445778
0.341358322555607
0.600731067788729
0.362154381415166
0.643194919342932
0.509377691574628
0.717103920971567
0.458580219528812
0.304981616907753
0.552917819579307
0.467033758941398
0.425343485090707
0.410926915319578
0.830261960851203
0.726581994407752
0.621644588813069
0.728911481091927
0.174697082373314
0.368537039168586
0.377029082206718
0.486375006912567
0.629827738179301
0.537124480084458
0.757508194546972
0.840550193832314
0.661326870496850
0.644390000677959
0.699189191444020
0.816347635707643
0.304955170875473
0.641560195952479
0.385944459783786
0.541124951174424
0.153337275929516
0.361090177982987
0.622626351650979
0.522648924459645
0.377221887443739
0.488042056611448
0.655969214545621
0.840617340421886
0.323352826868359
0.892915760610776
0.212689409883751
0.626800112564524
0.648135362811445
0.509074685200176
0.091793281309947
0.499642646660504
0.586515266470087
0.340248113287089
0.225239657804195
0.648072358737409
0.608443022349093
0.754260169785994
0.353971913667920
0.610287686162337
0.873830672462645
0.850627445783175
0.166012761525053
0.915559270877566
0.643006297403190
0.839677288218809
0.657301038219885
0.952994395905989
0.730176835037128
0.293021101206250
0.426132463595422
0.011705535172950
0.659430767998856
0.237462780292844
0.709961545297119
0.467592441338638
0.264190236506693
0.441831626791100
0.161298861981777
0.095000797446119
0.919149809116789
0.733901889827393
0.539716700433928
0.891276987451420
0.279823831158865
0.931345694734773
0.241193247282354
0.363759242063679
0.440719253550924
0.930016010686813
0.777598907814536
0.471957441324776
0.637112505668483
0.657698294766305
0.177532245354087
0.723490794458485
0.510156850818021
0.294284499665082
0.455451052410353
0.896769156614027
0.772348440710630
0.465144029287330
0.489644932553347
0.434798069814860
0.368342780166131
0.692400002670183
0.358521635273064
0.905214843987778
0.770750513584062
0.879417174910486
0.747560713200073
0.015584573266096
0.647111720922112
0.945974750262394
0.239862305432325
0.398592145291332
0.687416297900199
0.904317920059839
0.600017128548643
0.475187452560931
0.293595373230346
0.452236960853043
0.778112911742937
0.548826838617970
0.466303595261707
0.341674760049500
0.170240056730108
0.681153959922085
0.573996750470542
0.402228646322328
0.468215587090526
0.410799269571726
0.710977794544306
0.558042191878485
0.490078291615646
0.162022766206064
0.865194682286528
0.433089333593671
0.524781852385786
0.638574159725977
0.336526073289861
0.907084225596918
0.497603096802777
0.773753012683301
0.189469192569959
0.183586713996192
0.852845854569750
0.432534133098670
0.590140839522064
0.904018945417192
0.388354117807467
0.383617835839686
0.827503137850726
0.433367003228341
0.293193382814934
0.496540004918643
0.830842869610933
0.430100521167333
0.687671092797245
0.854515524428280
0.653499522501079
0.521963933737425
0.699751471642230
0.259945634192263
0.392166722238471
0.637521171396656
0.370239552743442
0.675584367978445
0.642754801498086
0.693587211084377
0.767656091826211
0.536838431224169
0.822880946529040
0.937452523459797
0.324796296430577
0.637599752612005
0.383254805237812
0.192109203882865
0.119367377832532
0.522862984063977
0.758822850206343
0.475510780794139
0.385475072274858
0.672722339579195
0.428969430991856
0.487435711904254
0.535753952157393
0.810968585639785
0.415352861629799
0.522092369494203
0.355484319297830
0.509529194758215
0.391762225401180
0.691867159439425
0.532787308700790
0.782017757337599
0.331611833236821
0.521792686056870
0.357517604476016
0.608443022349093
0.682539024754078
0.095658949467179
0.687112065796100
0.757555055381090
0.286895774894219
0.325537060438364
0.808460882115469
0.345026794639125
0.825975762963935
0.302735451339686
0.380583158905210
0.388098296614771
0.230783847568091
0.201368751899281
0.245436999459343
0.520034359986312
0.578959465237858
0.233084879371745
0.622008791156986
0.101676518163003
0.596058285671461
0.555605935333006
0.868412553798407
0.792582711590512
0.428756060158776
0.436080121668056
0.419888040516526
0.471527040157525
0.589243640679342
0.206283860134135
0.223321009019855
0.679426335547760
0.394869557530910
0.345496034642565
0.394486535478791
0.551542232838983
0.881087413516070
0.316655491005804
0.751054278247466
0.305113847069151
0.535447024121822
0.521107695334649
0.450908684513706
0.626831689536630
0.750453177919553
0.553487802499149
0.667695275384176
0.783791633257351
0.557538615037629
0.812488301249687
0.366313052720216
0.279663745146536
0.969156569924962
0.813006299031258
0.816810099029681
0.769043291067646
0.575643885364116
0.446775369848183
0.012883383897133
0.613981551148754
0.601152940980683
0.366939798514068
0.868030231082230
0.871528049705375
0.899852690963598
0.404291325343365
0.575643885364116
0.453479642026650
0.734186027613760
0.338587267149705
0.604644726183324
0.803320404134865
0.785382116300752
0.318065201885474
0.107888100545097
0.676982045079058
0.797062057004950
0.626184361659398
0.515148820733884
0.395465233043069
0.701107552791655
0.530141481889586
0.745539144270879
0.695768332319858
0.207524522207677
0.652835817243613
0.479976065682422
0.638699889670534
0.391847382627020
0.913625086242973
0.404971801581269
0.768185749715485
0.603547135186091
0.306804005536833
0.499707739443693
0.830746051484311
0.410969465381640
0.468451952714531
0.580300478846766
0.653610281900910
0.320127168459294
0.916062833035539
0.309329196767067
0.647631330262811
0.767630870024732
0.559105298532813
0.831747134106990
0.902061032036727
0.320810999684909
0.867953766537539
0.066352304304019
0.613726283751021
0.586784417690069
0.428393408546981
0.803824839087611
0.752333768970857
0.423190444482316
0.413820554451377
0.250053139221563
0.433986420110159
0.564130364124139
0.572180423630925
0.624920659225609
0.694071397061634
0.184628558832628
0.613055839545268
0.473873474045831
0.989502373558935
0.358063273386506
0.605322371469811
0.345741827019083
0.938322620226245
0.644814583160041
0.767782200848160
0.870562156713277
0.490815001998271
0.685879199423653
0.675995449484617
0.574751947635377
0.311232620755618
0.670721432376013
0.583137197412725
0.633889152835764
0.654955217418319
0.679825018094562
0.272443865156674
0.716087016968231
0.589941461999842
0.531415714118339
0.722975991040585
0.323545438055589
0.689882262471656
0.842944367970631
0.340612007348682
0.565767683692684
0.292386739565700
0.650199850300851
0.783819536467490
0.356447359001322
0.505000790530175
0.533490659392555
0.200207266476355
0.429246868203336
0.310026199782442
0.292590397199092
0.611664820527949
0.769396396332013
0.766784285333415
0.555361588463711
0.248778816887352
0.380262187696644
0.361046741098107
0.703409254463622
0.826389426998503
0.736818884099193
0.224995909229619
0.739073233802628
0.564495282531425
0.697666330081120
0.447610466617334
0.507125102369173
0.707991857016168
0.303512631791818
0.595665777589602
0.776423882656673
0.407247265415208
0.433580595250532
0.305166739133711
0.359109943317890
0.740012951056997
0.651619660660799
0.252252517464512
0.486007113657251
0.915949575319246
0.620408062204660
0.347102715189976
0.581858316007128
0.574787073084735
0.246563619984954
0.606690967564646
0.712636128657323
0.826484887926199
0.488713366830780
0.541244654341426
0.678269183394150
0.356097162752121
0.584610676531156
0.309871310229937
0.081240751103905
0.354608530928090
0.893494584881410
0.831877196796995
0.384963013166271
0.433730109674798
0.865606719497009
0.355265446640260
0.407800226159452
0.294284499665082
0.431189065806393
0.366269801648741
0.641528758962522
0.717474078403029
0.836457179604622
0.712891650451638
0.016825407394208
0.602625629362592
0.675043222341628
0.572569773859868
0.983856234699488
0.575330145635235
0.406332801030658
0.787320224473660
0.806719148960838
0.596041931166837
0.363109137011634
0.552879608840158
0.279727779539826
0.968348401722324
0.334055949926551
0.063130214839475
0.341787773453689
0.823226397020335
0.581073304558231
0.452129841789429
0.304155815618287
0.196101204186562
0.880842409882462
0.779276183769980
0.720697594129888
0.250430716208939
0.656365590642963
0.229344700164802
0.273490173211030
0.649884443344490
0.599222059834574
0.985315133424592
0.979890286042064
0.162640774673491
0.319270468688046
0.714320248509466
0.758447207299469
0.920555522483482
0.551771497295704
0.764683625828184
0.737208760248905
0.478292517691443
0.748484329022176
0.284890959403128
0.636719494628778
0.562777615552477
0.558806882625504
0.632126842283469
0.718724827813276
0.500575643127377
0.500033203315979
0.780396138397919
0.533655658924545
0.333963125478476
0.831326960236765
0.594073995103827
0.668858245851879
0.588909731617605
0.560679054098728
0.667759884854604
0.764365102957527
0.784042762163153
0.594304070524231
0.272341081836203
0.670478150052077
0.663196625544515
0.474282684976060
0.821656167529000
0.543594368522463
0.770213155068632
0.330300387257012
0.480451067647664
0.309071047500765
0.710505964532786
0.418503682703886
0.555436772112444
0.319857919959759
0.468623854998441
0.662988874981238
0.648214117893076
0.927109180025582
0.537266538820404
0.556658506429812
0.270385731644637
0.680024359367962
0.459394873025303
0.915337709040614
0.077155940431112
0.854943850623386
0.833470464662241
0.706553669187997
0.468065172601200
0.443586094239436
0.480429476643621
0.416630014260591
0.302815849317994
0.218932513169420
0.723510041461850
0.673097000086273
0.308292819063354
0.551332073759113
0.612608155257476
0.347947399459372
0.286865798225335
0.313419393838558
0.344601759315992
0.582182299294800
0.047760409899638
0.653278056001000
0.737167720653815
0.455686788474850
0.614986666514596
0.625505456810060
0.798608711287670
0.606964686783613
0.791693174971442
0.619852905518201
0.739073233802628
0.683508464506303
0.745302363116934
0.298767361389764
0.656476575946726
0.483454600915138
0.628267197709647
0.283503280312289
0.647473820084997
0.593712448018778
0.895892625419947
0.695698741597880
0.669813178392360
0.504306775728764
0.865531803639897
0.635147391243663
0.337168011872564
0.742161127411237
0.565803902158223
0.702275212177483
0.242309510504128
0.504415215538756
0.497299335700518
0.459716486679099
0.623655191375292
0.536347346358525
0.667469142244954
0.287195541553956
0.591385790357890
0.480040838672721
0.468366001579852
0.847701096841774
0.452086994169804
0.280368123603694
0.421975803088571
0.566147977551736
0.407991635634971
0.318287787820736
0.431466619374987
0.867953766537539
0.685187805771420
0.594106863019988
0.413629033930192
0.129863674665103
0.708875891417847
0.640460056070879
0.307065200897341
0.750542229819985
0.309561531110376
0.691420258684957
0.707594943603908
0.599497900002461
0.863958570676914
0.661982083802286
0.624683384005039
0.573100705987599
0.110687986736593
0.519626417073596
0.953615364254802
0.628787578192714
0.437255517106678
0.560253239666054
0.867346083861776
0.674634110699117
0.354959024909476
0.573645495984238
0.586683485984395
0.916402606184420
0.383254805237812
0.716234930274368
0.587923528415558
0.700561598052445
0.309406641543319
0.803113220979867
0.555211221166246
0.797672889464593
0.495455315794970
0.540239903057227
0.699206695608154
0.316030981812219
0.586599376219965
0.077749068390403
0.815577182758716
0.730097385669069
0.447738948387268
0.027615555372904
0.816316804826783
0.644625879831437
0.799838422019093
0.242360249736521
0.456758316067862
0.816902591694088
0.274130440513545
0.529555425506260
0.471871361085505
0.200038292306999
0.372154881049937
0.690309422156133
0.537165068300965
0.314025488289190
0.283719965795171
0.801603743624582
0.681720672517258
0.602447628152731
0.890138757364184
0.611409000943240
0.728714952456357
0.818511048673827
0.021112319838721
0.755979893838230
0.312457952553814
0.725088296188915
0.879944063250150
0.328723028716922
0.674977764479991
0.477084420061146
0.714246833253128
0.897138222375361
0.745778161981434
0.486959307971119
0.583560752384074
0.623133067951130
0.440034933613788
0.507645004596270
0.763850566007022
0.647442318055255
0.607125698086747
0.416672586019558
0.705102824176720
0.873361119549372
0.682539024754078
0.357102896094148
0.543594368522463
0.969502927728172
0.576741974429751
0.624588473910990
0.750542229819985
0.171036403815378
0.371961278411618
0.471053598863364
0.238517608850088
0.644735956775548
0.842301136079186
0.322533389153250
0.579905479033187
0.187344090336410
0.690839100170706
0.744550763491134
0.792295764294977
0.147365815755620
0.347280543457600
0.572481285169488
0.754328707531386
0.642251809687878
0.438687752983242
0.380197993457841
0.583560752384074
0.532143074880878
0.769931681563321
0.762203632351884
0.671289091107610
0.715809679510130
0.721737727515574
0.137310507459915
0.823509038331395
0.596254539712390
0.815423937390733
0.391889961239940
0.778167017415399
0.277109799273603
0.579132466977171
0.335074197522772
0.230727363501501
0.657539379288210
0.091245146912115
0.703587524963950
0.792640101055440
0.933648998303397
0.454593874623242
0.474454984323529
0.404206266735855
0.616515623209125
0.263427200181468
0.910139187333698
0.362632187046984
0.368126936846238
0.566745582174917
0.284524797585618
0.325871599030506
0.217248684137303
0.698051421459240
0.465144029287330
0.535692566547368
0.360872993602243
0.806958714623761
0.351509138716210
0.259623875717807
0.787179681057751
0.287825051556865
0.991282882168889
0.696412046563637
0.915116147203662
0.406332801030658
0.817241731456306
0.576741974429751
0.619678427705367
0.624335380351113
0.425471427552111
0.363434189544932
0.668486741393281
0.642236091203813
0.780862040752254
0.612288380776590
0.838611735620361
0.832755119910871
0.805045489563781
0.611456967111735
0.701230832906731
0.748440347313590
0.534480656591768
0.704657147936814
0.639218525720935
0.249439576618897
0.605805405379215
0.890751650491438
0.643194919342932
0.218866442919534
0.771725468315708
0.650783353186853
0.362914105506206
0.655303318380902
0.607254409529560
0.658318065121421
0.447203607684060
0.725706842269574
0.733154365509108
0.904666723807168
0.087088313717686
0.322823146074370
0.628204121290764
0.371122333621315
0.404822942269675
0.599043032190821
0.764683625828184
0.579063266275625
0.380968106146611
0.456286843931593
0.571171652591147
0.524824476022332
0.274366328470933
0.076628715578408
0.440612328551651
0.502810246347508
0.372413017910731
0.880352402622520
0.519991418630525
0.684398515375506
0.829328439278470
0.263027514498390
0.796771412708040
0.449366504726640
0.672005597734824
0.481034082673432
0.719849018620152
0.490901673802000
0.340657494110928
0.371315936274186
0.702859945697128
0.101617834086937
0.527683525149769
0.502549911056121
0.681770775707264
0.325799912192451
0.380433372345578
0.717085431810119
0.557445360078418
0.727869879316131
0.627305282287125
0.423382282177045
0.390868074486207
0.710015987213410
0.565622809845081
0.614954758093518
0.517217852371687
0.355834515554307
0.707937732462597
0.717642089519359
0.967334774933988
0.685963642325078
0.389121324311418
0.597496153837710
0.717122410140291
0.750831648496387
0.505542729508306
0.441040087338479
0.635304654897482
0.325704329734435
0.908003508295224
0.530706607700267
0.430100521167333
0.413799274399935
0.402334970996890
0.496756942739012
0.706428126803075
0.727634044953447
0.573979187749501
0.713347939359664
0.628598348928790
0.322581907159474
0.248731619773025
0.969965921387484
0.659207991782750
0.283812831003161
0.624177196870733
0.751679877335846
0.320469848367793
0.401441843736393
0.303459033144463
0.365231775860593
0.584576808010752
0.575399865578220
0.396188553313550
0.749056091190141
0.674241363514739
0.835730495738972
0.425855254936323
0.777842383358802
0.402058526851761
0.713586095982464
0.616627073170093
0.326373406911443
0.644578704006562
0.486894385634514
0.729998073955358
0.526881837642577
0.215387193020433
0.529953106633911
0.532475582665938
0.726484755279671
0.687280951613502
0.476394544610230
0.589443018201564
0.916459235049842
0.580781348173332
0.578561561247625
0.554056231885625
0.741314015809621
0.575783325250086
0.706410192178737
0.251524819097540
0.359240566664084
0.504935726647091
0.335028106223035
0.914119118919189
0.172229838412022
0.551484916730260
0.500727526268747
0.378185913643392
0.651272233975760
0.927426201764320
0.604806136623665
0.414139755339420
0.741715372882027
0.644751682055357
0.052298967741081
0.408629667268542
0.300861571267887
0.260307612472388
0.851328440985526
0.711559286843112
0.790381257385889
0.891058097047789
0.397124544200778
0.745886806391354
0.067670454322069
0.663404629616707
0.622832205153827
0.612368324400450
0.499642646660504
0.369743986673711
0.801603743624582
0.422380639945914
0.925407537353749
0.343770382714865
0.415991437948833
0.785242600242782
0.309148492284294
0.606014720084204
0.269062789076997
0.906372232660942
0.638731322163949
0.410607831603556
0.504588719246385
0.675617254506506
0.657380463810114
0.741715372882027
0.795117739871785
0.732110387827561
0.449859145031951
0.545391472172923
0.642534742590215
0.633668961127114
