500 1.156313
7.000000 7.000000
8.156313 7.644682
9.312625 8.512719
10.468938 9.546852
11.625250 10.689817
12.781563 11.884354
13.937876 13.073201
15.094188 14.199097
16.250500 15.309749
17.406813 16.667900
18.563126 17.955864
19.719439 19.238060
20.875751 20.578907
22.032064 22.012836
23.188375 22.488844
24.344688 22.988018
25.501001 23.506878
26.657314 24.041948
27.813627 24.589748
28.969938 25.146801
30.126251 25.709625
31.282564 26.274746
32.438877 26.838680
33.595188 27.397951
34.751503 27.949081
35.907814 28.488592
37.064129 29.013004
38.220440 29.518837
39.376751 30.002615
40.533066 30.460857
41.689377 30.890087
42.845692 33.086349
44.002003 36.004009
45.158314 38.866062
46.314629 42.339207
47.470940 45.698727
48.627254 47.398262
49.783566 48.107037
50.939877 48.784309
52.096191 49.431774
53.252502 50.051117
54.408817 50.644028
55.565128 51.212200
56.721439 51.757320
57.877754 52.281082
59.034065 52.785175
60.190380 53.271290
61.346691 53.741116
62.503006 54.151005
63.659317 54.478836
64.815628 54.782345
65.971939 55.064716
67.128258 55.329124
68.284569 55.578754
69.440880 55.816788
70.597191 56.046402
71.753502 56.270786
72.909821 56.493114
74.066132 56.716568
75.222443 56.944332
76.378754 57.179588
77.535065 57.425514
78.691383 57.685291
79.847694 57.962101
81.004005 58.196468
82.160316 58.403225
83.316628 58.593262
84.472946 58.770924
85.629257 58.940578
86.785568 59.106571
87.941879 59.273266
89.098190 59.445019
90.254509 59.626179
91.410820 59.821106
92.567131 60.034153
93.723442 60.269684
94.879753 60.532047
96.036072 60.825600
97.192383 61.154697
98.348694 61.523701
99.505005 61.936962
100.661316 62.398834
101.817635 62.913681
102.973946 63.448456
104.130257 63.945492
105.286568 64.416077
106.442879 64.872841
107.599197 65.328415
108.755508 65.795433
109.911819 66.286522
111.068130 66.814323
112.224442 67.391457
113.380760 68.030571
114.537071 68.744286
115.693382 69.545235
116.849693 70.446053
118.006012 71.459373
119.162323 72.597824
120.318634 73.874039
121.474945 75.300652
122.631256 76.890289
123.787575 78.655594
124.943886 80.325409
126.100197 82.122147
127.256508 84.093483
128.412827 86.222466
129.569138 88.492111
130.725449 90.885460
131.881760 93.385551
133.038071 95.975410
134.194382 98.638077
135.350693 101.356583
136.507004 104.113960
137.663315 106.893250
138.819641 109.677467
139.975952 112.449669
141.132263 115.192871
142.288574 117.890121
143.444885 120.524445
144.601196 123.078873
145.757507 125.536446
146.913818 127.880188
148.070129 130.093155
149.226440 132.158356
150.382767 134.058823
151.539078 138.376495
152.695389 144.337708
153.851700 148.974655
155.008011 152.802689
156.164322 156.337173
157.320633 163.360168
158.476944 175.831451
159.633255 178.046295
160.789581 180.518845
161.945892 183.219055
163.102203 186.116882
164.258514 189.182281
165.414825 192.385178
166.571136 195.695541
167.727448 199.083328
168.883759 202.518478
170.040070 205.970932
171.196381 209.410645
172.352707 212.807571
173.509018 216.131683
174.665329 219.352890
175.821640 222.441177
176.977951 225.366470
178.134262 228.098724
179.290573 230.985748
180.446884 234.740173
181.603195 238.249405
182.759506 241.545105
183.915833 244.658951
185.072144 247.622604
186.228455 250.467743
187.384766 253.226013
188.541077 255.929092
189.697388 258.608673
190.853699 261.296356
192.010010 264.017242
193.166321 266.019623
194.322632 268.037170
195.478958 270.060272
196.635269 272.079437
197.791580 274.085114
198.947891 276.067719
200.104202 278.017761
201.260513 279.925690
202.416824 281.781921
203.573135 283.576965
204.729446 285.301208
205.885757 286.945190
207.042084 288.499298
208.198395 289.954041
209.354706 291.299866
210.511017 292.416260
211.667328 293.315430
212.823639 294.157257
213.979950 294.944000
215.136261 295.677979
216.292572 296.361420
217.448883 296.996674
218.605209 297.585999
219.761520 298.131683
220.917831 298.636017
222.074142 299.101288
223.230453 299.529755
224.386765 299.923767
225.543076 300.285553
226.699387 300.617432
227.855698 300.921692
229.012024 301.200592
230.168335 301.456451
231.324646 301.691559
232.480957 301.908173
233.637268 302.065063
234.793579 302.164154
235.949890 302.239807
237.106201 302.293365
238.262512 302.326080
239.418823 302.339233
240.575150 302.334106
241.731461 302.311981
242.887772 302.274139
244.044083 302.221863
245.200394 302.156464
246.356705 302.079163
247.513016 301.991302
248.669327 301.894135
249.825638 301.788940
250.981949 301.677002
252.138275 301.559601
253.294586 301.438049
254.450897 301.313568
255.607208 301.187500
256.763519 301.061096
257.919830 300.935638
259.076141 300.812439
260.232452 300.692719
261.388763 300.577820
262.545074 300.468994
263.701385 300.367523
264.857697 300.274719
266.014008 300.191833
267.170319 300.120148
268.326630 300.060944
269.482971 300.015503
270.639282 299.976929
271.795593 299.904999
272.951904 299.797546
274.108215 299.658600
275.264526 299.492096
276.420837 299.302002
277.577148 299.092316
278.733459 298.866974
279.889771 298.630005
281.046082 298.385315
282.202393 298.136932
283.358704 297.888794
284.515015 297.644867
285.671326 297.409180
286.827637 297.185638
287.983948 296.978241
289.140259 296.790985
290.296570 296.627808
291.452881 296.492706
292.609222 296.389648
293.765533 296.322601
294.921844 296.295532
296.078156 296.312408
297.234467 296.377228
298.390778 296.493958
299.547089 296.666565
300.703400 296.899017
301.859711 297.195282
303.016022 297.559326
304.172333 297.995148
305.328644 298.506714
306.484955 299.098022
307.641266 299.772980
308.797577 300.908661
309.953888 302.426544
311.110199 304.164307
312.266510 306.102539
313.422821 308.221771
314.579163 310.502594
315.735474 312.925568
316.891785 315.471191
318.048096 318.120087
319.204407 320.852814
320.360718 323.649872
321.517029 326.491882
322.673340 329.359344
323.829651 332.232880
324.985962 335.092987
326.142273 337.920288
327.298584 340.695282
328.454895 343.398560
329.611206 346.010651
330.767517 348.512146
331.923828 351.043457
333.080139 353.671234
334.236450 356.362732
335.392761 359.102753
336.549072 361.876007
337.705414 364.667267
338.861725 367.461273
340.018036 370.242798
341.174347 372.996582
342.330658 375.707367
343.486969 378.359955
344.643280 380.939056
345.799591 383.429413
346.955902 385.815826
348.112213 388.083038
349.268524 390.215759
350.424835 392.198822
351.581146 394.016907
352.737457 395.654785
353.893768 396.792969
355.050079 397.807556
356.206390 398.805481
357.362701 399.782471
358.519012 400.734314
359.675323 401.656769
360.831665 402.545532
361.987976 403.396423
363.144287 404.205139
364.300598 404.967499
365.456909 405.679199
366.613220 406.335999
367.769531 406.933685
368.925842 407.467987
370.082153 407.934662
371.238464 408.329468
372.394775 408.648163
373.551086 408.886505
374.707397 409.040222
375.863708 409.105072
377.020020 409.076813
378.176331 408.951233
379.332642 408.724030
380.488953 408.390991
381.645264 407.947876
382.801605 407.390411
383.957916 406.714386
385.114227 405.922607
386.270538 405.060242
387.426849 404.059601
388.583160 402.927887
389.739471 401.672394
390.895782 400.300354
392.052094 398.819031
393.208405 397.235626
394.364716 395.557404
395.521027 393.791656
396.677338 391.945587
397.833649 390.026428
398.989960 388.041504
400.146271 385.997986
401.302582 383.903137
402.458893 381.764252
403.615204 379.588501
404.771515 377.383209
405.927856 375.155579
407.084167 372.912872
408.240479 370.662354
409.396790 368.411224
410.553101 366.166779
411.709412 363.936249
412.865723 361.726868
414.022034 359.545898
415.178345 357.400604
416.334656 355.298187
417.490967 353.245941
418.647278 351.251099
419.803589 349.320923
420.959900 346.122711
422.116211 342.662384
423.272522 339.206970
424.428833 335.755127
425.585144 332.305542
426.741455 328.856812
427.897766 325.407623
429.054108 321.956604
430.210419 318.502380
431.366730 315.043640
432.523041 311.579010
433.679352 308.107117
434.835663 304.626648
435.991974 301.136261
437.148285 297.634552
438.304596 294.120178
439.460907 290.585266
440.617218 286.973114
441.773529 283.284637
442.929840 279.536713
444.086151 275.746216
445.242462 271.930084
446.398773 268.105225
447.555084 264.288544
448.711395 260.496918
449.867706 256.747284
451.024048 253.056534
452.180359 249.441574
453.336670 245.919312
454.492981 242.506638
455.649292 239.220490
456.805603 236.077744
457.961914 233.095322
459.118225 231.266190
460.274536 229.547104
461.430847 227.897766
462.587158 226.312851
463.743469 224.787033
464.899780 223.314987
466.056091 221.891388
467.212402 220.510910
468.368713 219.168228
469.525024 217.858017
470.681335 216.574951
471.837646 215.313705
472.993958 214.068954
474.150299 212.835373
475.306610 211.607651
476.462921 210.380432
477.619232 209.148407
478.775543 207.906250
479.931854 206.648651
481.088165 205.370255
482.244476 204.065750
483.400787 202.729828
484.557098 201.357132
485.713409 199.942368
486.869720 198.480179
488.026031 196.965286
489.182343 195.417328
490.338654 193.857483
491.494965 192.285751
492.651276 190.702133
493.807587 189.106628
494.963898 187.499252
496.120209 185.879974
497.276550 184.248825
498.432861 182.605789
499.589172 180.950851
500.745483 179.284042
501.901794 177.605347
503.058105 175.914780
504.214417 174.212311
505.370728 172.497955
506.527039 170.771729
507.683350 169.033600
508.839661 167.283600
509.995972 165.521713
511.152283 163.747940
512.308594 161.962280
513.464905 160.164734
514.621216 158.355301
515.777527 156.533981
516.933838 154.700790
518.090149 152.819504
519.246460 150.474518
520.402771 148.077667
521.559082 145.634628
522.715393 143.151108
523.871704 140.632828
525.028015 138.085464
526.184326 135.514740
527.340637 132.926361
528.496948 130.326019
529.653259 127.719437
530.809631 125.112289
531.965942 122.510307
533.122253 119.919174
534.278564 117.344612
535.434875 114.792305
536.591187 112.267975
537.747498 109.777313
538.903809 107.326027
540.060120 104.919823
541.216431 102.564415
542.372742 100.231804
543.529053 97.868279
544.685364 95.533569
545.841675 93.226532
546.997986 90.946022
548.154297 88.690903
549.310608 86.460030
550.466919 84.252251
551.623230 82.066437
552.779541 79.901428
553.935852 77.756088
555.092163 75.629280
556.248474 73.519844
557.404785 71.426651
558.561096 69.348549
559.717407 67.284409
560.873718 65.233063
562.030029 63.193386
563.186340 61.164230
564.342651 59.144447
565.498962 56.941177
566.655273 54.430550
567.811584 51.857338
568.967896 49.242504
570.124207 46.607006
571.280518 43.971813
572.436829 41.357887
573.593140 38.786190
574.749451 36.277679
575.905762 33.853325
577.062134 31.534088
578.218445 29.340929
579.374756 27.294813
580.531067 25.416700
581.687378 23.727556
582.843689 22.248341
584.000000 21.000021
